# File generated by CMD 3.8 (http://stev.oapd.inaf.it/cmd) on Thu Jan  9 21:25:33 UTC 2025
# isochrones based on PARSEC release v1.2S +  COLIBRI S_37 + S_35 + PR16
# Basic references: Bressan et al. (2012), MNRAS, 427, 127 + Chen et al. (2014, 2015), MNRAS, 444, 2525 + MNRAS, 452, 1068 + Tang et al. (2014), MNRAS, 445, 4287 + Marigo et al. (2017), ApJ, 835, 77 + Pastorelli al. (2019), MNRAS, 485, 5666 + Pastorelli al. (2020), MNRAS, in press
# Thermal pulse cycles included 
# On RGB, assumed Reimers mass loss with efficiency eta=0.2
# LPV periods and growth rates added cf. Trabucchi et al. (2019)
# but fundamental-mode LPV periods are from Trabucchi et al. (2021)
# Photometric system: Gaia EDR3 (all Vegamags, Gaia passbands from ESA/Gaia website)
# Attention: photometry includes extinction of Av=0.11, with coefficients derived star-by-star, for Cardelli et al 89 + O'Donnell 94 Rv=3.1 extinction curve.
# Using YBC version of bolometric corrections as in Chen et al. (2019)
# O-rich circumstellar dpmod60alox40 dust from Groenewegen (2006)
# C-rich circumstellar AMCSIC15 dust from Groenewegen (2006)
# IMF: Kroupa (2001, 2002) + Kroupa et al. (2013) canonical two-part-power law IMF corrected for unresolved binaries 
# Kind of output: isochrone tables
# Zini     MH   logAge Mini        int_IMF         Mass   logL    logTe  logg  label   McoreTP C_O  period0  period1  period2  period3  period4  pmode  Mloss  tau1m   X   Y   Xc  Xn  Xo  Cexcess  Z 	 mbolmag  Gmag    G_BPmag  G_RPmag
0.0152 0.01508 7.41497 0.0900000036 1.0816895926    0.090 -2.346  3.4027  4.301    0  0.000  0.545     0.00     0.00     0.00     0.00     0.00 -1 -1.36e-15      0.00 7.092e-01 2.755e-01 2.746e-03 7.408e-04 6.719e-03 -1.000 1.527e-02 10.634 12.735 15.428 11.266
0.0152 0.01508 7.41497 0.0907149389 1.0885031923    0.091 -2.341  3.4033  4.302    0  0.000  0.545     0.00     0.00     0.00     0.00     0.00 -1 -1.36e-15      0.00 7.092e-01 2.755e-01 2.746e-03 7.408e-04 6.719e-03 -1.000 1.527e-02 10.622 12.723 15.416 11.254
0.0152 0.01508 7.41497 0.1000000015 1.1711064122    0.100 -2.275  3.4105  4.307    0  0.000  0.545     0.00     0.00     0.00     0.00     0.00 -1  -1.5e-15      0.00 7.092e-01 2.755e-01 2.746e-03 7.408e-04 6.719e-03 -1.000 1.527e-02 10.458 12.559 15.254 11.090
0.0152 0.01508 7.41497 0.1033122018 1.1981933735    0.103 -2.254  3.4128  4.309    0  0.000  0.545     0.00     0.00     0.00     0.00     0.00 -1 -1.54e-15      0.00 7.092e-01 2.755e-01 2.746e-03 7.408e-04 6.719e-03 -1.000 1.527e-02 10.405 12.507 15.203 11.038
0.0152 0.01508 7.41497 0.1200000122 1.3193155232    0.120 -2.154  3.4237  4.317    0  0.000  0.545     0.00     0.00     0.00     0.00     0.00 -1 -1.79e-15      0.00 7.092e-01 2.755e-01 2.746e-03 7.408e-04 6.719e-03 -1.000 1.527e-02 10.154 12.167 14.755 10.717
0.0152 0.01508 7.41497 0.1348040253 1.4097307714    0.135 -2.075  3.4323  4.324    0  0.000  0.545     0.00     0.00     0.00     0.00     0.00 -1 -2.01e-15      0.00 7.092e-01 2.755e-01 2.746e-03 7.408e-04 6.719e-03 -1.000 1.527e-02 9.959 11.851 14.296 10.429
0.0152 0.01508 7.41497 0.1400000006 1.4384526719    0.140 -2.050  3.4351  4.326    0  0.000  0.545     0.00     0.00     0.00     0.00     0.00 -1 -2.08e-15      0.00 7.092e-01 2.755e-01 2.746e-03 7.408e-04 6.719e-03 -1.000 1.527e-02 9.895 11.751 14.155 10.337
0.0152 0.01508 7.41497 0.1680377126 1.5725919975    0.168 -1.930  3.4486  4.340    0  0.000  0.545     0.00     0.00     0.00     0.00     0.00 -1 -2.47e-15      0.00 7.092e-01 2.755e-01 2.746e-03 7.408e-04 6.719e-03 -1.000 1.527e-02 9.595 11.283 13.496 9.909
0.0152 0.01508 7.41497 0.1922957897 1.6670681017    0.192 -1.841  3.4581  4.348    0  0.000  0.545     0.00     0.00     0.00     0.00     0.00 -1  -2.8e-15      0.00 7.092e-01 2.755e-01 2.746e-03 7.408e-04 6.719e-03 -1.000 1.527e-02 9.373 10.946 13.020 9.601
0.0152 0.01508 7.41497 0.2009708434 1.6971623155    0.201 -1.813  3.4612  4.351    0  0.000  0.545     0.00     0.00     0.00     0.00     0.00 -1 -2.91e-15      0.00 7.092e-01 2.755e-01 2.746e-03 7.408e-04 6.719e-03 -1.000 1.527e-02 9.303 10.840 12.871 9.505
0.0152 0.01508 7.41497 0.2198971659 1.7573230799    0.220 -1.756  3.4673  4.357    0  0.000  0.545     0.00     0.00     0.00     0.00     0.00 -1 -3.13e-15      0.00 7.092e-01 2.755e-01 2.746e-03 7.408e-04 6.719e-03 -1.000 1.527e-02 9.159 10.631 12.587 9.314
0.0152 0.01508 7.41497 0.2229356766 1.7663545388    0.223 -1.747  3.4682  4.358    0  0.000  0.545     0.00     0.00     0.00     0.00     0.00 -1 -3.17e-15      0.00 7.092e-01 2.755e-01 2.746e-03 7.408e-04 6.719e-03 -1.000 1.527e-02 9.138 10.600 12.544 9.285
0.0152 0.01508 7.41497 0.2344673276 1.7992275206    0.234 -1.713  3.4716  4.360    0  0.000  0.545     0.00     0.00     0.00     0.00     0.00 -1 -3.35e-15      0.00 7.092e-01 2.755e-01 2.746e-03 7.408e-04 6.719e-03 -1.000 1.527e-02 9.054 10.480 12.382 9.175
0.0152 0.01508 7.41497 0.2506217360 1.8419013872    0.251 -1.671  3.4762  4.365    0  0.000  0.545     0.00     0.00     0.00     0.00     0.00 -1 -3.57e-15      0.00 7.092e-01 2.755e-01 2.746e-03 7.408e-04 6.719e-03 -1.000 1.527e-02 8.947 10.326 12.173 9.035
0.0152 0.01508 7.41497 0.2775405049 1.9056130914    0.277 -1.605  3.4831  4.371    0  0.000  0.545     0.00     0.00     0.00     0.00     0.00 -1 -3.91e-15      0.00 7.092e-01 2.755e-01 2.746e-03 7.408e-04 6.719e-03 -1.000 1.527e-02 8.783 10.091 11.854 8.822
0.0152 0.01508 7.41497 0.3000000119 1.9529139769    0.300 -1.555  3.4886  4.376    0  0.000  0.545     0.00     0.00     0.00     0.00     0.00 -1 -4.19e-15      0.00 7.092e-01 2.755e-01 2.746e-03 7.408e-04 6.719e-03 -1.000 1.527e-02 8.658 9.910 11.606 8.659
0.0152 0.01508 7.41497 0.3354888260 2.0189720385    0.335 -1.485  3.4958  4.384    0  0.000  0.545     0.00     0.00     0.00     0.00     0.00 -1 -4.62e-15      0.00 7.092e-01 2.755e-01 2.746e-03 7.408e-04 6.719e-03 -1.000 1.527e-02 8.483 9.673 11.298 8.443
0.0152 0.01508 7.41497 0.3500000238 2.0434175133    0.350 -1.459  3.4986  4.388    0  0.000  0.545     0.00     0.00     0.00     0.00     0.00 -1 -4.78e-15      0.00 7.092e-01 2.755e-01 2.746e-03 7.408e-04 6.719e-03 -1.000 1.527e-02 8.418 9.585 11.184 8.362
0.0152 0.01508 7.41497 0.3576454818 2.0557732036    0.358 -1.446  3.5000  4.389    0  0.000  0.545     0.00     0.00     0.00     0.00     0.00 -1 -4.87e-15      0.00 7.092e-01 2.755e-01 2.746e-03 7.408e-04 6.719e-03 -1.000 1.527e-02 8.384 9.540 11.125 8.321
0.0152 0.01508 7.41497 0.4000000358 2.1185024810    0.400 -1.374  3.5074  4.396    0  0.000  0.545     0.00     0.00     0.00     0.00     0.00 -1 -5.39e-15      0.00 7.092e-01 2.755e-01 2.746e-03 7.408e-04 6.719e-03 -1.000 1.527e-02 8.206 9.305 10.828 8.105
0.0152 0.01508 7.41497 0.4439147711 2.1750231864    0.444 -1.306  3.5150  4.403    0  0.000  0.545     0.00     0.00     0.00     0.00     0.00 -1 -5.93e-15      0.00 7.092e-01 2.755e-01 2.746e-03 7.408e-04 6.719e-03 -1.000 1.527e-02 8.035 9.078 10.538 7.898
0.0152 0.01508 7.41497 0.4500000477 2.1822809714    0.450 -1.297  3.5160  4.404    0  0.000  0.545     0.00     0.00     0.00     0.00     0.00 -1 -6.01e-15      0.00 7.092e-01 2.755e-01 2.746e-03 7.408e-04 6.719e-03 -1.000 1.527e-02 8.012 9.048 10.501 7.871
0.0152 0.01508 7.41497 0.4749940932 2.2108051186    0.475 -1.261  3.5204  4.409    0  0.000  0.545     0.00     0.00     0.00     0.00     0.00 -1 -6.32e-15      0.00 7.092e-01 2.755e-01 2.746e-03 7.408e-04 6.719e-03 -1.000 1.527e-02 7.922 8.927 10.344 7.762
0.0152 0.01508 7.41497 0.5000000000 2.2374541529    0.500 -1.226  3.5244  4.413    0  0.000  0.545     0.00     0.00     0.00     0.00     0.00 -1 -6.65e-15      0.00 7.092e-01 2.755e-01 2.746e-03 7.408e-04 6.719e-03 -1.000 1.527e-02 7.835 8.811 10.198 7.658
0.0152 0.01508 7.41497 0.5136751533 2.2511208528    0.514 -1.208  3.5269  4.416    0  0.000  0.545     0.00     0.00     0.00     0.00     0.00 -1 -6.82e-15      0.00 7.092e-01 2.755e-01 2.746e-03 7.408e-04 6.719e-03 -1.000 1.527e-02 7.789 8.748 10.115 7.601
0.0152 0.01508 7.41497 0.5430843234 2.2778485771    0.543 -1.166  3.5318  4.417    0  0.000  0.545     0.00     0.00     0.00     0.00     0.00 -1 -7.29e-15      0.00 7.092e-01 2.755e-01 2.746e-03 7.408e-04 6.719e-03 -1.000 1.527e-02 7.684 8.610 9.941 7.476
0.0152 0.01508 7.41497 0.5500000119 2.2836582633    0.550 -1.156  3.5329  4.418    0  0.000  0.545     0.00     0.00     0.00     0.00     0.00 -1 -7.41e-15      0.00 7.092e-01 2.755e-01 2.746e-03 7.408e-04 6.719e-03 -1.000 1.527e-02 7.659 8.578 9.902 7.448
0.0152 0.01508 7.41497 0.5619938970 2.2933452112    0.562 -1.140  3.5351  4.420    0  0.000  0.545     0.00     0.00     0.00     0.00     0.00 -1 -7.58e-15      0.00 7.092e-01 2.755e-01 2.746e-03 7.408e-04 6.719e-03 -1.000 1.527e-02 7.620 8.524 9.832 7.400
0.0152 0.01508 7.41497 0.6000000238 2.3211213258    0.600 -1.084  3.5421  4.420    0  0.000  0.545     0.00     0.00     0.00     0.00     0.00 -1 -8.33e-15      0.00 7.092e-01 2.755e-01 2.746e-03 7.408e-04 6.719e-03 -1.000 1.527e-02 7.480 8.340 9.598 7.234
0.0152 0.01508 7.41497 0.6392468810 2.3458551833    0.639 -1.025  3.5510  4.424    0  0.000  0.545     0.00     0.00     0.00     0.00     0.00 -1 -9.22e-15      0.00 7.092e-01 2.755e-01 2.746e-03 7.408e-04 6.719e-03 -1.000 1.527e-02 7.332 8.134 9.332 7.054
0.0152 0.01508 7.41497 0.6499999762 2.3520353107    0.650 -1.008  3.5535  4.425    0  0.000  0.545     0.00     0.00     0.00     0.00     0.00 -1  -9.5e-15      0.00 7.092e-01 2.755e-01 2.746e-03 7.408e-04 6.719e-03 -1.000 1.527e-02 7.289 8.076 9.256 7.003
0.0152 0.01508 7.41497 0.7000000477 2.3779267258    0.700 -0.915  3.5689  4.425    0  0.000  0.545     0.00     0.00     0.00     0.00     0.00 -1 -1.13e-14      0.00 7.092e-01 2.755e-01 2.746e-03 7.408e-04 6.719e-03 -1.000 1.527e-02 7.057 7.744 8.823 6.717
0.0152 0.01508 7.41497 0.7500000000 2.3998889087    0.750 -0.733  3.6321  4.527    0  0.000  0.538     0.00     0.00     0.00     0.00     0.00 -1 -1.47e-14      0.00 7.092e-01 2.755e-01 2.709e-03 7.398e-04 6.720e-03 -1.000 1.527e-02 6.603 6.948 7.704 6.100
0.0152 0.01508 7.41497 0.7516229153 2.4005456664    0.752 -0.731  3.6324  4.526    0  0.000  0.538     0.00     0.00     0.00     0.00     0.00 -1 -1.48e-14      0.00 7.092e-01 2.755e-01 2.709e-03 7.398e-04 6.720e-03 -1.000 1.527e-02 6.596 6.939 7.694 6.093
0.0152 0.01508 7.41497 0.7910739183 2.4155622385    0.791 -0.648  3.6430  4.508    0  0.000  0.538     0.00     0.00     0.00     0.00     0.00 -1 -1.77e-14      0.00 7.092e-01 2.755e-01 2.709e-03 7.399e-04 6.720e-03 -1.000 1.527e-02 6.390 6.680 7.385 5.866
0.0152 0.01508 7.41497 0.8000000119 2.4187244405    0.800 -0.627  3.6459  4.504    0  0.000  0.538     0.00     0.00     0.00     0.00     0.00 -1 -1.86e-14      0.00 7.092e-01 2.755e-01 2.709e-03 7.399e-04 6.720e-03 -1.000 1.527e-02 6.338 6.614 7.306 5.809
0.0152 0.01508 7.41497 0.8190853596 2.4252205705    0.819 -0.582  3.6528  4.497    0  0.000  0.538     0.00     0.00     0.00     0.00     0.00 -1 -2.05e-14      0.00 7.092e-01 2.755e-01 2.709e-03 7.399e-04 6.720e-03 -1.000 1.527e-02 6.226 6.469 7.131 5.683
0.0152 0.01508 7.41497 0.8500000238 2.4350346840    0.850 -0.501  3.6660  4.484    0  0.000  0.538     0.00     0.00     0.00     0.00     0.00 -1 -2.46e-14      0.00 7.092e-01 2.755e-01 2.709e-03 7.398e-04 6.720e-03 -1.000 1.527e-02 6.022 6.207 6.818 5.458
0.0152 0.01508 7.41497 0.8755068183 2.4425347706    0.875 -0.428  3.6785  4.474    0  0.000  0.538     0.00     0.00     0.00     0.00     0.00 -1  -2.9e-14      0.00 7.092e-01 2.755e-01 2.709e-03 7.398e-04 6.720e-03 -1.000 1.527e-02 5.839 5.976 6.543 5.260
0.0152 0.01508 7.41497 0.9000000358 2.4492786175    0.899 -0.353  3.6916  4.464    0  0.000  0.538     0.00     0.00     0.00     0.00     0.00 -1 -3.43e-14      0.00 7.092e-01 2.755e-01 2.709e-03 7.398e-04 6.720e-03 -1.000 1.527e-02 5.654 5.749 6.276 5.066
0.0152 0.01508 7.41497 0.9199665189 2.4544716445    0.919 -0.291  3.7025  4.455    0  0.000  0.538     0.00     0.00     0.00     0.00     0.00 -1 -3.96e-14      0.00 7.092e-01 2.755e-01 2.709e-03 7.398e-04 6.720e-03 -1.000 1.527e-02 5.498 5.563 6.060 4.906
0.0152 0.01508 7.41497 0.9444372058 2.4604930464    0.944 -0.213  3.7163  4.443    0  0.000  0.538     0.00     0.00     0.00     0.00     0.00 -1 -4.74e-14      0.00 7.092e-01 2.755e-01 2.709e-03 7.398e-04 6.719e-03 -1.000 1.527e-02 5.301 5.336 5.796 4.710
0.0152 0.01508 7.41497 0.9500000477 2.4618122009    0.950 -0.194  3.7195  4.440    0  0.000  0.538     0.00     0.00     0.00     0.00     0.00 -1 -4.95e-14      0.00 7.092e-01 2.755e-01 2.709e-03 7.398e-04 6.719e-03 -1.000 1.527e-02 5.256 5.284 5.736 4.665
0.0152 0.01508 7.41497 0.9691509604 2.4662207112    0.969 -0.131  3.7302  4.428    0  0.000  0.538     0.00     0.00     0.00     0.00     0.00 -1 -5.75e-14      0.00 7.092e-01 2.755e-01 2.709e-03 7.398e-04 6.719e-03 -1.000 1.527e-02 5.097 5.106 5.534 4.509
0.0152 0.01508 7.41497 0.9903469682 2.4708721146    0.990 -0.061  3.7420  4.415    0  0.000  0.538     0.00     0.00     0.00     0.00     0.00 -1 -6.79e-14      0.00 7.092e-01 2.755e-01 2.709e-03 7.398e-04 6.719e-03 -1.000 1.527e-02 4.922 4.913 5.314 4.343
0.0152 0.01508 7.41497 1.0000000000 2.4729154477    1.000 -0.030  3.7471  4.409    0  0.000  0.538     0.00     0.00     0.00     0.00     0.00 -1  -7.3e-14      0.00 7.092e-01 2.755e-01 2.709e-03 7.398e-04 6.719e-03 -1.000 1.527e-02 4.846 4.832 5.221 4.273
0.0152 0.01508 7.41497 1.0130417347 2.4756050975    1.013  0.012  3.7539  4.400    0  0.000  0.538     0.00     0.00     0.00     0.00     0.00 -1 -7.92e-14      0.00 7.092e-01 2.755e-01 2.709e-03 7.398e-04 6.719e-03 -1.000 1.527e-02 4.741 4.721 5.094 4.178
0.0152 0.01508 7.41497 1.0290361643 2.4787968917    1.029  0.060  3.7619  4.390    0  0.000  0.538     0.00     0.00     0.00     0.00     0.00 -1 -8.68e-14      0.00 7.092e-01 2.755e-01 2.709e-03 7.398e-04 6.719e-03 -1.000 1.527e-02 4.620 4.594 4.950 4.069
0.0152 0.01508 7.41497 1.0496722460 2.4827501472    1.049  0.096  3.7692  4.392    0  0.000  0.538     0.00     0.00     0.00     0.00     0.00 -1 -9.06e-14      0.00 7.092e-01 2.755e-01 2.709e-03 7.398e-04 6.719e-03 -1.000 1.527e-02 4.531 4.501 4.841 3.993
0.0152 0.01508 7.41497 1.0499999523 2.4828114860    1.050  0.096  3.7693  4.392    0  0.000  0.538     0.00     0.00     0.00     0.00     0.00 -1 -9.07e-14      0.00 7.092e-01 2.755e-01 2.709e-03 7.398e-04 6.719e-03 -1.000 1.527e-02 4.530 4.500 4.839 3.992
0.0152 0.01508 7.41497 1.0830755234 2.4887835419    1.082  0.140  3.7795  4.402    0  0.000  0.538     0.00     0.00     0.00     0.00     0.00 -1 -9.31e-14      0.00 7.092e-01 2.755e-01 2.709e-03 7.397e-04 6.719e-03 -1.000 1.526e-02 4.420 4.388 4.704 3.904
0.0152 0.01508 7.41497 1.1000000238 2.4916801480    1.099  0.154  3.7838  4.412    0  0.000  0.538     0.00     0.00     0.00     0.00     0.00 -1 -9.22e-14      0.00 7.092e-01 2.755e-01 2.709e-03 7.397e-04 6.719e-03 -1.000 1.525e-02 4.384 4.351 4.659 3.877
0.0152 0.01508 7.41497 1.1267458200 2.4960542712    1.126  0.162  3.7878  4.431    0  0.000  0.538     0.00     0.00     0.00     0.00     0.00 -1 -8.66e-14      0.00 7.093e-01 2.755e-01 2.709e-03 7.397e-04 6.718e-03 -1.000 1.526e-02 4.365 4.333 4.632 3.868
0.0152 0.01508 7.41497 1.1499999762 2.4996678137    1.149  0.174  3.7905  4.438    0  0.000  0.538     0.00     0.00     0.00     0.00     0.00 -1 -8.39e-14      0.00 7.093e-01 2.754e-01 2.709e-03 7.396e-04 6.718e-03 -1.000 1.527e-02 4.335 4.303 4.597 3.844
0.0152 0.01508 7.41497 1.1939449310 2.5060566516    1.193  0.210  3.7950  4.437    0  0.000  0.538     0.00     0.00     0.00     0.00     0.00 -1 -8.22e-14      0.00 7.093e-01 2.754e-01 2.708e-03 7.395e-04 6.717e-03 -1.000 1.527e-02 4.245 4.214 4.498 3.766
0.0152 0.01508 7.41497 1.2000000477 2.5068948796    1.200  0.220  3.7961  4.433    0  0.000  0.538     0.00     0.00     0.00     0.00     0.00 -1 -8.34e-14      0.00 7.093e-01 2.754e-01 2.708e-03 7.395e-04 6.717e-03 -1.000 1.527e-02 4.220 4.188 4.471 3.743
0.0152 0.01508 7.41497 1.2500000000 2.5134610955    1.250  0.309  3.8049  4.398    0  0.000  0.538     0.00     0.00     0.00     0.00     0.00 -1  -9.3e-14      0.00 7.093e-01 2.754e-01 2.708e-03 7.395e-04 6.717e-03 -1.000 1.527e-02 3.998 3.969 4.234 3.545
0.0152 0.01508 7.41497 1.2999999523 2.5194498592    1.300  0.399  3.8146  4.364    0  0.000  0.538     0.00     0.00     0.00     0.00     0.00 -1 -1.03e-13      0.00 7.093e-01 2.754e-01 2.708e-03 7.395e-04 6.716e-03 -1.000 1.527e-02 3.773 3.747 3.993 3.346
0.0152 0.01508 7.41497 1.3081319332 2.5203742220    1.308  0.414  3.8163  4.358    0  0.000  0.538     0.00     0.00     0.00     0.00     0.00 -1 -1.05e-13      0.00 7.094e-01 2.754e-01 2.708e-03 7.395e-04 6.716e-03 -1.000 1.527e-02 3.736 3.710 3.953 3.313
0.0152 0.01508 7.41497 1.3500001431 2.5249313723    1.350  0.486  3.8248  4.334    0  0.000  0.538     0.00     0.00     0.00     0.00     0.00 -1 -1.12e-13      0.00 7.094e-01 2.753e-01 2.708e-03 7.394e-04 6.716e-03 -1.000 1.526e-02 3.556 3.532 3.759 3.153
0.0152 0.01508 7.41497 1.4000000954 2.5299650415    1.400  0.567  3.8365  4.315    0  0.000  0.538     0.00     0.00     0.00     0.00     0.00 -1 -1.17e-13      0.00 7.094e-01 2.753e-01 2.708e-03 7.394e-04 6.715e-03 -1.000 1.524e-02 3.351 3.331 3.539 2.979
0.0152 0.01508 7.41497 1.4500000477 2.5346015836    1.450  0.640  3.8491  4.308    0  0.000  0.538     0.00     0.00     0.00     0.00     0.00 -1 -1.14e-13      0.00 7.094e-01 2.753e-01 2.708e-03 7.394e-04 6.715e-03 -1.000 1.527e-02 3.169 3.154 3.341 2.831
0.0152 0.01508 7.41497 1.4871997833 2.5378195364    1.487  0.690  3.8606  4.314    0  0.000  0.538     0.00     0.00     0.00     0.00     0.00 -1 -1.07e-13      0.00 7.094e-01 2.753e-01 2.707e-03 7.393e-04 6.715e-03 -1.000 1.527e-02 3.044 3.035 3.204 2.739
0.0152 0.01508 7.41497 1.5000000000 2.5388844597    1.500  0.707  3.8636  4.314    0  0.000  0.538     0.00     0.00     0.00     0.00     0.00 -1 -1.04e-13      0.00 7.094e-01 2.753e-01 2.707e-03 7.393e-04 6.715e-03 -1.000 1.527e-02 3.003 2.996 3.160 2.707
0.0152 0.01508 7.41497 1.5499999523 2.5428511323    1.550  0.769  3.8769  4.319    0  0.000  0.538     0.00     0.00     0.00     0.00     0.00 -1 -8.85e-14      0.00 7.094e-01 2.753e-01 2.707e-03 7.393e-04 6.715e-03 -1.000 1.527e-02 2.848 2.850 2.994 2.592
0.0152 0.01508 7.41497 1.6000000238 2.5465340628    1.600  0.829  3.8902  4.325    0  0.000  0.538     0.00     0.00     0.00     0.00     0.00 -1 -6.63e-14      0.00 7.095e-01 2.752e-01 2.707e-03 7.392e-04 6.714e-03 -1.000 1.527e-02 2.696 2.709 2.834 2.484
0.0152 0.01508 7.41497 1.6500000954 2.5499614852    1.649  0.886  3.9027  4.332    0  0.000  0.538     0.00     0.00     0.00     0.00     0.00 -1  -3.7e-14      0.00 7.095e-01 2.752e-01 2.707e-03 7.392e-04 6.714e-03 -1.000 1.526e-02 2.554 2.581 2.687 2.386
0.0152 0.01508 7.41497 1.7000000477 2.5531580802    1.699  0.942  3.9147  4.337    0  0.000  0.538     0.00     0.00     0.00     0.00     0.00 -1    -1e-30      0.00 7.095e-01 2.752e-01 2.707e-03 7.391e-04 6.713e-03 -1.000 1.526e-02 2.415 2.459 2.548 2.294
0.0152 0.01508 7.41497 1.7500000000 2.5561455243    1.749  0.996  3.9260  4.341    0  0.000  0.538     0.00     0.00     0.00     0.00     0.00 -1    -1e-30      0.00 7.095e-01 2.752e-01 2.707e-03 7.391e-04 6.713e-03 -1.000 1.526e-02 2.281 2.345 2.419 2.208
0.0152 0.01508 7.41497 1.7999999523 2.5589429085    1.799  1.047  3.9368  4.345    0  0.000  0.538     0.00     0.00     0.00     0.00     0.00 -1    -1e-30      0.00 7.096e-01 2.752e-01 2.706e-03 7.391e-04 6.713e-03 -1.000 1.526e-02 2.152 2.239 2.300 2.127
0.0152 0.01508 7.41497 1.8500000238 2.5615671203    1.849  1.096  3.9469  4.348    0  0.000  0.538     0.00     0.00     0.00     0.00     0.00 -1    -1e-30      0.00 7.096e-01 2.752e-01 2.706e-03 7.391e-04 6.712e-03 -1.000 1.526e-02 2.030 2.145 2.195 2.052
0.0152 0.01508 7.41497 1.9000000954 2.5640331317    1.899  1.143  3.9565  4.351    0  0.000  0.538     0.00     0.00     0.00     0.00     0.00 -1    -1e-30      0.00 7.096e-01 2.752e-01 2.706e-03 7.390e-04 6.712e-03 -1.000 1.525e-02 1.911 2.056 2.097 1.981
0.0152 0.01508 7.41497 1.9500001669 2.5663542767    1.950  1.190  3.9658  4.353    0  0.000  0.538     0.00     0.00     0.00     0.00     0.00 -1    -1e-30      0.00 7.096e-01 2.751e-01 2.706e-03 7.390e-04 6.712e-03 -1.000 1.525e-02 1.795 1.973 2.005 1.912
0.0152 0.01508 7.41497 2.0000000000 2.5685424513    2.000  1.235  3.9746  4.355    0  0.000  0.538     0.00     0.00     0.00     0.00     0.00 -1    -1e-30      0.00 7.096e-01 2.751e-01 2.706e-03 7.389e-04 6.711e-03 -1.000 1.527e-02 1.683 1.896 1.921 1.848
0.0152 0.01508 7.41497 2.0499999523 2.5706083333    2.050  1.278  3.9830  4.356    0  0.000  0.538     0.00     0.00     0.00     0.00     0.00 -1    -1e-30      0.00 7.096e-01 2.751e-01 2.706e-03 7.389e-04 6.711e-03 -1.000 1.526e-02 1.575 1.823 1.842 1.786
0.0152 0.01508 7.41497 2.0999999046 2.5725614918    2.099  1.320  3.9910  4.356    0  0.000  0.538     0.00     0.00     0.00     0.00     0.00 -1    -1e-30      0.00 7.097e-01 2.751e-01 2.706e-03 7.389e-04 6.711e-03 -1.000 1.524e-02 1.470 1.752 1.766 1.725
0.0152 0.01508 7.41497 2.1500000954 2.5744105556    2.149  1.361  3.9988  4.356    0  0.000  0.538     0.00     0.00     0.00     0.00     0.00 -1    -1e-30      0.00 7.097e-01 2.751e-01 2.706e-03 7.388e-04 6.711e-03 -1.000 1.525e-02 1.367 1.685 1.694 1.667
0.0152 0.01508 7.41497 2.2000000477 2.5761632879    2.199  1.401  4.0063  4.356    0  0.000  0.538     0.00     0.00     0.00     0.00     0.00 -1    -1e-30      0.00 7.097e-01 2.751e-01 2.706e-03 7.388e-04 6.711e-03 -1.000 1.527e-02 1.267 1.619 1.624 1.609
0.0152 0.01508 7.41497 2.2500000000 2.5778267375    2.249  1.440  4.0137  4.357    1  0.000  0.538     0.00     0.00     0.00     0.00     0.00 -1    -1e-30      0.00 7.097e-01 2.751e-01 2.706e-03 7.388e-04 6.710e-03 -1.000 1.527e-02 1.170 1.557 1.559 1.554
0.0152 0.01508 7.41497 2.2999999523 2.5794072884    2.299  1.478  4.0206  4.356    1  0.000  0.538     0.00     0.00     0.00     0.00     0.00 -1    -1e-30      0.00 7.097e-01 2.751e-01 2.706e-03 7.388e-04 6.710e-03 -1.000 1.527e-02 1.075 1.496 1.494 1.499
0.0152 0.01508 7.41497 2.3724067211 2.5815608950    2.371  1.531  4.0301  4.354    0  0.000  0.538     0.00     0.00     0.00     0.00     0.00 -1    -1e-30      0.00 7.097e-01 2.751e-01 2.706e-03 7.388e-04 6.710e-03 -1.000 1.525e-02 0.942 1.409 1.403 1.421
0.0152 0.01508 7.41497 2.4000000954 2.5823423892    2.399  1.551  4.0336  4.354    0  0.000  0.538     0.00     0.00     0.00     0.00     0.00 -1    -1e-30      0.00 7.097e-01 2.751e-01 2.706e-03 7.388e-04 6.710e-03 -1.000 1.524e-02 0.892 1.377 1.369 1.391
0.0152 0.01508 7.41497 2.5999999046 2.5874412955    2.600  1.687  4.0576  4.348    1  0.000  0.538     0.00     0.00     0.00     0.00     0.00 -1    -1e-30      0.00 7.092e-01 2.755e-01 2.710e-03 7.399e-04 6.720e-03 -1.000 1.527e-02 0.552 1.158 1.140 1.189
0.0152 0.01508 7.41497 2.8000001907 2.5917117867    2.800  1.813  4.0790  4.340    1  0.000  0.538     0.00     0.00     0.00     0.00     0.00 -1    -1e-30      0.00 7.092e-01 2.755e-01 2.710e-03 7.399e-04 6.720e-03 -1.000 1.527e-02 0.238 0.954 0.928 0.999
0.0152 0.01508 7.41497 3.0000000000 2.5953341962    3.000  1.929  4.0982  4.331    1  0.000  0.538     0.00     0.00     0.00     0.00     0.00 -1    -1e-30      0.00 7.092e-01 2.755e-01 2.710e-03 7.399e-04 6.720e-03 -1.000 1.527e-02 -0.053 0.765 0.733 0.822
0.0152 0.01508 7.41497 3.0399553776 2.5959924910    3.040  1.952  4.1019  4.329    1  0.000  0.538     0.00     0.00     0.00     0.00     0.00 -1    -1e-30      0.00 7.092e-01 2.755e-01 2.710e-03 7.399e-04 6.720e-03 -1.000 1.527e-02 -0.109 0.730 0.696 0.788
0.0152 0.01508 7.41497 3.2000000477 2.5984409005    3.199  2.038  4.1162  4.321    1  0.000  0.538     0.00     0.00     0.00     0.00     0.00 -1    -1e-30      0.00 7.092e-01 2.755e-01 2.710e-03 7.399e-04 6.720e-03 -1.000 1.527e-02 -0.326 0.591 0.552 0.657
0.0152 0.01508 7.41497 3.4000000954 2.6011310876    3.398  2.141  4.1326  4.311    1  0.000  0.538     0.00     0.00     0.00     0.00     0.00 -1    -1e-30      0.00 7.092e-01 2.755e-01 2.710e-03 7.399e-04 6.720e-03 -1.000 1.527e-02 -0.582 0.426 0.383 0.502
0.0152 0.01508 7.41497 3.4936115742 2.6022692429    3.492  2.187  4.1398  4.306    1  0.000  0.538     0.00     0.00     0.00     0.00     0.00 -1    -1e-30      0.00 7.092e-01 2.755e-01 2.710e-03 7.399e-04 6.720e-03 -1.000 1.527e-02 -0.696 0.352 0.307 0.432
0.0152 0.01508 7.41497 3.6000001431 2.6034804607    3.598  2.237  4.1478  4.300    1  0.000  0.538     0.00     0.00     0.00     0.00     0.00 -1    -1e-30      0.00 7.092e-01 2.755e-01 2.710e-03 7.399e-04 6.720e-03 -1.000 1.527e-02 -0.823 0.271 0.223 0.355
0.0152 0.01508 7.41497 3.8000001907 2.6055477311    3.798  2.328  4.1621  4.289    1  0.000  0.538     0.00     0.00     0.00     0.00     0.00 -1    -1e-30      0.00 7.092e-01 2.755e-01 2.710e-03 7.399e-04 6.720e-03 -1.000 1.527e-02 -1.051 0.125 0.073 0.217
0.0152 0.01508 7.41497 3.8334376812 2.6058692352    3.832  2.343  4.1643  4.288    1  0.000  0.538     0.00     0.00     0.00     0.00     0.00 -1    -1e-30      0.00 7.092e-01 2.755e-01 2.710e-03 7.399e-04 6.720e-03 -1.000 1.527e-02 -1.088 0.102 0.048 0.194
0.0152 0.01508 7.41497 4.0000000000 2.6073790840    4.001  2.415  4.1754  4.279    1  0.000  0.538     0.00     0.00     0.00     0.00     0.00 -1    -1e-30      0.00 7.092e-01 2.755e-01 2.710e-03 7.399e-04 6.720e-03 -1.000 1.527e-02 -1.267 -0.014 -0.070 0.085
0.0152 0.01508 7.41497 4.1833076477 2.6088819444    4.181  2.491  4.1870  4.268    1  0.000  0.538     0.00     0.00     0.00     0.00     0.00 -1    -1e-30      0.00 7.092e-01 2.755e-01 2.710e-03 7.399e-04 6.720e-03 -1.000 1.527e-02 -1.457 -0.136 -0.196 -0.031
0.0152 0.01508 7.41497 4.1999998093 2.6090113217    4.198  2.498  4.1880  4.267    1  0.000  0.538     0.00     0.00     0.00     0.00     0.00 -1    -1e-30      0.00 7.092e-01 2.755e-01 2.710e-03 7.399e-04 6.720e-03 -1.000 1.527e-02 -1.474 -0.147 -0.207 -0.041
0.0152 0.01508 7.41497 4.4000000954 2.6104741055    4.397  2.577  4.1999  4.256    1  0.000  0.538     0.00     0.00     0.00     0.00     0.00 -1    -1e-30      0.00 7.092e-01 2.755e-01 2.710e-03 7.399e-04 6.720e-03 -1.000 1.527e-02 -1.672 -0.275 -0.339 -0.163
0.0152 0.01508 7.41497 4.4663429260 2.6109261811    4.464  2.602  4.2036  4.252    1  0.000  0.538     0.00     0.00     0.00     0.00     0.00 -1    -1e-30      0.00 7.092e-01 2.755e-01 2.710e-03 7.399e-04 6.720e-03 -1.000 1.527e-02 -1.735 -0.316 -0.381 -0.202
0.0152 0.01508 7.41497 4.5999999046 2.6117915791    4.597  2.652  4.2111  4.245    1  0.000  0.538     0.00     0.00     0.00     0.00     0.00 -1    -1e-30      0.00 7.092e-01 2.755e-01 2.710e-03 7.399e-04 6.720e-03 -1.000 1.527e-02 -1.861 -0.398 -0.465 -0.280
0.0152 0.01508 7.41497 4.7493772507 2.6126927841    4.747  2.707  4.2190  4.236    1  0.000  0.538     0.00     0.00     0.00     0.00     0.00 -1    -1e-30      0.00 7.092e-01 2.755e-01 2.710e-03 7.399e-04 6.720e-03 -1.000 1.527e-02 -1.997 -0.488 -0.557 -0.365
0.0152 0.01508 7.41497 4.8000001907 2.6129836005    4.798  2.725  4.2216  4.233    1  0.000  0.538     0.00     0.00     0.00     0.00     0.00 -1    -1e-30      0.00 7.092e-01 2.755e-01 2.710e-03 7.399e-04 6.720e-03 -1.000 1.527e-02 -2.042 -0.518 -0.588 -0.393
0.0152 0.01508 7.41497 5.0000000000 2.6140666223    4.999  2.795  4.2316  4.220    1  0.000  0.538     0.00     0.00     0.00     0.00     0.00 -1    -1e-30      0.00 7.092e-01 2.755e-01 2.710e-03 7.399e-04 6.720e-03 -1.000 1.527e-02 -2.217 -0.634 -0.707 -0.504
0.0152 0.01508 7.41497 5.0028500557 2.6140813375    5.002  2.796  4.2317  4.220    1  0.000  0.538     0.00     0.00     0.00     0.00     0.00 -1    -1e-30      0.00 7.092e-01 2.755e-01 2.710e-03 7.399e-04 6.720e-03 -1.000 1.527e-02 -2.220 -0.636 -0.709 -0.506
0.0152 0.01508 7.41497 5.1999998093 2.6150544000    5.200  2.863  4.2411  4.208    1  0.000  0.538     0.00     0.00     0.00     0.00     0.00 -1    -1e-30      0.00 7.092e-01 2.755e-01 2.710e-03 7.399e-04 6.720e-03 -1.000 1.527e-02 -2.387 -0.748 -0.824 -0.613
0.0152 0.01508 7.41497 5.2394862175 2.6152391959    5.240  2.876  4.2429  4.205    1  0.000  0.538     0.00     0.00     0.00     0.00     0.00 -1    -1e-30      0.00 7.092e-01 2.755e-01 2.710e-03 7.399e-04 6.720e-03 -1.000 1.527e-02 -2.420 -0.770 -0.847 -0.634
0.0152 0.01508 7.41497 5.3999996185 2.6159585084    5.401  2.929  4.2501  4.194    1  0.000  0.538     0.00     0.00     0.00     0.00     0.00 -1    -1e-30      0.00 7.092e-01 2.755e-01 2.710e-03 7.399e-04 6.720e-03 -1.000 1.527e-02 -2.552 -0.860 -0.939 -0.720
0.0152 0.01508 7.41497 5.4599800110 2.6162148494    5.461  2.948  4.2527  4.190    1  0.000  0.538     0.00     0.00     0.00     0.00     0.00 -1    -1e-30      0.00 7.092e-01 2.755e-01 2.710e-03 7.399e-04 6.720e-03 -1.000 1.527e-02 -2.600 -0.894 -0.973 -0.752
0.0152 0.01508 7.41497 5.5999994278 2.6167887546    5.601  2.993  4.2585  4.180    1  0.000  0.538     0.00     0.00     0.00     0.00     0.00 -1    -1e-30      0.00 7.092e-01 2.755e-01 2.710e-03 7.399e-04 6.720e-03 -1.000 1.527e-02 -2.712 -0.971 -1.052 -0.826
0.0152 0.01508 7.41497 5.8000001907 2.6175535027    5.801  3.055  4.2665  4.164    1  0.000  0.538     0.00     0.00     0.00     0.00     0.00 -1    -1e-30      0.00 7.092e-01 2.755e-01 2.710e-03 7.399e-04 6.720e-03 -1.000 1.527e-02 -2.868 -1.081 -1.165 -0.931
0.0152 0.01508 7.41497 5.9114766121 2.6179540232    5.912  3.089  4.2708  4.156    1  0.000  0.538     0.00     0.00     0.00     0.00     0.00 -1    -1e-30      0.00 7.092e-01 2.755e-01 2.710e-03 7.399e-04 6.720e-03 -1.000 1.527e-02 -2.953 -1.142 -1.226 -0.989
0.0152 0.01508 7.41497 6.0000000000 2.6182599138    6.000  3.116  4.2740  4.148    1  0.000  0.538     0.00     0.00     0.00     0.00     0.00 -1    -1e-30      0.00 7.092e-01 2.755e-01 2.710e-03 7.399e-04 6.720e-03 -1.000 1.527e-02 -3.020 -1.190 -1.275 -1.036
0.0152 0.01508 7.41497 6.1251997948 2.6186752277    6.125  3.153  4.2785  4.138    1  0.000  0.538     0.00     0.00     0.00     0.00     0.00 -1    -1e-30      0.00 7.092e-01 2.755e-01 2.710e-03 7.399e-04 6.720e-03 -1.000 1.527e-02 -3.113 -1.257 -1.344 -1.101
0.0152 0.01508 7.41497 6.1999998093 2.6189141709    6.200  3.176  4.2811  4.131    1  0.000  0.538     0.00     0.00     0.00     0.00     0.00 -1    -1e-30      0.00 7.092e-01 2.755e-01 2.710e-03 7.399e-04 6.720e-03 -1.000 1.527e-02 -3.169 -1.298 -1.385 -1.140
0.0152 0.01508 7.41497 6.3313531876 2.6193180999    6.330  3.214  4.2856  4.120    1  0.000  0.538     0.00     0.00     0.00     0.00     0.00 -1    -1e-30      0.00 7.092e-01 2.755e-01 2.710e-03 7.399e-04 6.720e-03 -1.000 1.527e-02 -3.264 -1.368 -1.457 -1.207
0.0152 0.01508 7.41497 6.4000000954 2.6195216279    6.399  3.234  4.2878  4.114    1  0.000  0.538     0.00     0.00     0.00     0.00     0.00 -1    -1e-30      0.00 7.092e-01 2.755e-01 2.710e-03 7.399e-04 6.720e-03 -1.000 1.527e-02 -3.314 -1.405 -1.495 -1.243
0.0152 0.01508 7.41497 6.5441808701 2.6199331591    6.542  3.274  4.2924  4.101    1  0.000  0.538     0.00     0.00     0.00     0.00     0.00 -1    -1e-30      0.00 7.092e-01 2.755e-01 2.710e-03 7.399e-04 6.720e-03 -1.000 1.527e-02 -3.416 -1.481 -1.572 -1.316
0.0152 0.01508 7.41497 6.7757239342 2.6205520926    6.772  3.340  4.2992  4.078    1  0.000  0.538     0.00     0.00     0.00     0.00     0.00 -1    -1e-30      0.00 7.092e-01 2.755e-01 2.710e-03 7.399e-04 6.720e-03 -1.000 1.527e-02 -3.579 -1.605 -1.698 -1.437
0.0152 0.01508 7.41497 6.9622654915 2.6210164500    6.958  3.392  4.3041  4.057    1  0.000  0.538     0.00     0.00     0.00     0.00     0.00 -1    -1e-30      0.00 7.092e-01 2.755e-01 2.710e-03 7.399e-04 6.720e-03 -1.000 1.527e-02 -3.710 -1.708 -1.803 -1.537
0.0152 0.01508 7.41497 7.0000000000 2.6211069280    6.996  3.402  4.3051  4.053    1  0.000  0.538     0.00     0.00     0.00     0.00     0.00 -1    -1e-30      0.00 7.092e-01 2.755e-01 2.710e-03 7.399e-04 6.720e-03 -1.000 1.527e-02 -3.736 -1.729 -1.824 -1.558
0.0152 0.01508 7.41497 7.1673469543 2.6214950154    7.164  3.448  4.3090  4.033    1  0.000  0.538     0.00     0.00     0.00     0.00     0.00 -1    -1e-30      0.00 7.092e-01 2.755e-01 2.710e-03 7.399e-04 6.720e-03 -1.000 1.527e-02 -3.850 -1.822 -1.917 -1.648
0.0152 0.01508 7.41497 7.3584637642 2.6219134908    7.356  3.500  4.3130  4.009    1  0.000  0.538     0.00     0.00     0.00     0.00     0.00 -1    -1e-30      0.00 7.092e-01 2.755e-01 2.710e-03 7.399e-04 6.720e-03 -1.000 1.527e-02 -3.979 -1.928 -2.026 -1.752
0.0152 0.01508 7.41497 7.5357184410 2.6222798743    7.534  3.547  4.3163  3.985    1  0.000  0.538     0.00     0.00     0.00     0.00     0.00 -1    -1e-30      0.00 7.092e-01 2.755e-01 2.710e-03 7.399e-04 6.720e-03 -1.000 1.527e-02 -4.098 -2.030 -2.128 -1.852
0.0152 0.01508 7.41497 7.7008471489 2.6226038001    7.700  3.592  4.3189  3.960    1  0.000  0.538     0.00     0.00     0.00     0.00     0.00 -1    -1e-30      0.00 7.092e-01 2.755e-01 2.710e-03 7.399e-04 6.720e-03 -1.000 1.527e-02 -4.209 -2.127 -2.226 -1.948
0.0152 0.01508 7.41497 7.9273610115 2.6230229968    7.928  3.654  4.3213  3.921    1  0.000  0.538     0.00     0.00     0.00     0.00     0.00 -1    -1e-30      0.00 7.092e-01 2.755e-01 2.710e-03 7.399e-04 6.720e-03 -1.000 1.527e-02 -4.364 -2.270 -2.370 -2.090
0.0152 0.01508 7.41497 8.0000000000 2.6231516585    8.001  3.673  4.3219  3.907    1  0.000  0.538     0.00     0.00     0.00     0.00     0.00 -1    -1e-30      0.00 7.092e-01 2.755e-01 2.710e-03 7.399e-04 6.720e-03 -1.000 1.527e-02 -4.414 -2.317 -2.417 -2.136
0.0152 0.01508 7.41497 8.0203943253 2.6231873004    8.021  3.679  4.3221  3.904    1  0.000  0.538     0.00     0.00     0.00     0.00     0.00 -1    -1e-30      0.00 7.092e-01 2.755e-01 2.710e-03 7.399e-04 6.720e-03 -1.000 1.527e-02 -4.427 -2.330 -2.430 -2.149
0.0152 0.01508 7.41497 8.2282199860 2.6235389501    8.228  3.734  4.3228  3.863    1  0.000  0.538     0.00     0.00     0.00     0.00     0.00 -1    -1e-30      0.00 7.092e-01 2.755e-01 2.710e-03 7.399e-04 6.720e-03 -1.000 1.527e-02 -4.565 -2.465 -2.565 -2.284
0.0152 0.01508 7.41497 8.4019718170 2.6238176420    8.400  3.780  4.3225  3.824    1  0.000  0.538     0.00     0.00     0.00     0.00     0.00 -1    -1e-30      0.00 7.092e-01 2.755e-01 2.710e-03 7.399e-04 6.720e-03 -1.000 1.527e-02 -4.681 -2.585 -2.685 -2.404
0.0152 0.01508 7.41497 8.5749015808 2.6240821585    8.572  3.828  4.3207  3.778    1  0.000  0.538     0.00     0.00     0.00     0.00     0.00 -1    -1e-30      0.00 7.092e-01 2.755e-01 2.710e-03 7.399e-04 6.720e-03 -1.000 1.527e-02 -4.799 -2.715 -2.815 -2.535
0.0152 0.01508 7.41497 8.7667417526 2.6243616046    8.762  3.881  4.3173  3.721    1  0.000  0.538     0.00     0.00     0.00     0.00     0.00 -1    -1e-30      0.00 7.092e-01 2.755e-01 2.710e-03 7.399e-04 6.720e-03 -1.000 1.527e-02 -4.932 -2.869 -2.968 -2.691
0.0152 0.01508 7.41497 8.9458961487 2.6246101644    8.940  3.931  4.3119  3.658    1  0.000  0.538     0.00     0.00     0.00     0.00     0.00 -1    -1e-30      0.00 7.092e-01 2.755e-01 2.710e-03 7.399e-04 6.720e-03 -1.000 1.527e-02 -5.058 -3.028 -3.126 -2.853
0.0152 0.01508 7.41497 9.0000000000 2.6246829947    8.995  3.947  4.3094  3.635    1  0.000  0.538     0.00     0.00     0.00     0.00     0.00 -1    -1e-30      0.00 7.092e-01 2.755e-01 2.710e-03 7.399e-04 6.720e-03 -1.000 1.527e-02 -5.097 -3.082 -3.179 -2.908
0.0152 0.01508 7.41497 9.0932531357 2.6248061884    9.088  3.973  4.3053  3.597    1  0.000  0.538     0.00     0.00     0.00     0.00     0.00 -1    -1e-30      0.00 7.092e-01 2.755e-01 2.710e-03 7.399e-04 6.720e-03 -1.000 1.527e-02 -5.162 -3.172 -3.268 -3.000
0.0152 0.01508 7.41497 9.2312536240 2.6249832549    9.227  4.012  4.2978  3.534    1  0.000  0.538     0.00     0.00     0.00     0.00     0.00 -1    -1e-30      0.00 7.092e-01 2.755e-01 2.710e-03 7.399e-04 6.720e-03 -1.000 1.527e-02 -5.260 -3.313 -3.407 -3.145
0.0152 0.01508 7.41497 9.3507270813 2.6251317052    9.346  4.047  4.2897  3.472    1  0.000  0.538     0.00     0.00     0.00     0.00     0.00 -1    -1e-30      0.00 7.092e-01 2.755e-01 2.710e-03 7.399e-04 6.720e-03 -1.000 1.527e-02 -5.349 -3.450 -3.542 -3.286
0.0152 0.01508 7.41497 9.4625453949 2.6252667455    9.458  4.083  4.2819  3.411    1  0.000  0.538     0.00     0.00     0.00     0.00     0.00 -1    -1e-30      0.00 7.092e-01 2.755e-01 2.710e-03 7.399e-04 6.720e-03 -1.000 1.527e-02 -5.437 -3.584 -3.674 -3.426
0.0152 0.01508 7.41497 9.5232057571 2.6253384795    9.519  4.103  4.2795  3.383    1  0.000  0.538     0.00     0.00     0.00     0.00     0.00 -1    -1e-30      0.00 7.092e-01 2.755e-01 2.710e-03 7.399e-04 6.720e-03 -1.000 1.527e-02 -5.488 -3.650 -3.740 -3.493
0.0152 0.01508 7.41497 9.5657958984 2.6253882199    9.562  4.122  4.2862  3.393    1  0.000  0.538     0.00     0.00     0.00     0.00     0.00 -1    -1e-30      0.00 7.092e-01 2.755e-01 2.710e-03 7.399e-04 6.720e-03 -1.000 1.527e-02 -5.536 -3.661 -3.752 -3.500
0.0152 0.01508 7.41497 9.5877256393 2.6254136332    9.584  4.138  4.2983  3.426    1  0.000  0.538     0.00     0.00     0.00     0.00     0.00 -1    -1e-30      0.00 7.092e-01 2.755e-01 2.710e-03 7.399e-04 6.720e-03 -1.000 1.527e-02 -5.576 -3.631 -3.726 -3.464
0.0152 0.01508 7.41497 9.5947504044 2.6254217456    9.591  4.154  4.3120  3.466    1  0.000  0.538     0.00     0.00     0.00     0.00     0.00 -1    -1e-30      0.00 7.092e-01 2.755e-01 2.710e-03 7.399e-04 6.720e-03 -1.000 1.527e-02 -5.614 -3.593 -3.691 -3.417
0.0152 0.01508 7.41497 9.5975866318 2.6254250171    9.594  4.170  4.3232  3.495    1  0.000  0.538     0.00     0.00     0.00     0.00     0.00 -1    -1e-30      0.00 7.092e-01 2.755e-01 2.710e-03 7.399e-04 6.720e-03 -1.000 1.527e-02 -5.654 -3.570 -3.671 -3.389
0.0152 0.01508 7.41497 9.5989246368 2.6254265597    9.595  4.186  4.3323  3.515    1  0.000  0.538     0.00     0.00     0.00     0.00     0.00 -1    -1e-30      0.00 7.092e-01 2.755e-01 2.710e-03 7.399e-04 6.720e-03 -1.000 1.527e-02 -5.695 -3.560 -3.664 -3.375
0.0152 0.01508 7.41497 9.5994529724 2.6254271687    9.596  4.192  4.3357  3.523    1  0.000  0.538     0.00     0.00     0.00     0.00     0.00 -1    -1e-30      0.00 7.092e-01 2.755e-01 2.710e-03 7.399e-04 6.720e-03 -1.000 1.527e-02 -5.709 -3.555 -3.660 -3.368
0.0152 0.01508 7.41497 9.6000671387 2.6254278765    9.597  4.170  4.3284  3.515    2  0.000  0.538     0.00     0.00     0.00     0.00     0.00 -1    -1e-30      0.00 7.092e-01 2.755e-01 2.710e-03 7.399e-04 6.720e-03 -1.000 1.527e-02 -5.656 -3.542 -3.644 -3.358
0.0152 0.01508 7.41497 9.6005086899 2.6254283853    9.597  4.153  4.3195  3.497    2  0.000  0.538     0.00     0.00     0.00     0.00     0.00 -1    -1e-30      0.00 7.092e-01 2.755e-01 2.710e-03 7.399e-04 6.720e-03 -1.000 1.527e-02 -5.612 -3.547 -3.647 -3.368
0.0152 0.01508 7.41497 9.6008634567 2.6254287941    9.597  4.142  4.3096  3.468    2  0.000  0.538     0.00     0.00     0.00     0.00     0.00 -1    -1e-30      0.00 7.092e-01 2.755e-01 2.710e-03 7.399e-04 6.720e-03 -1.000 1.527e-02 -5.586 -3.577 -3.674 -3.403
0.0152 0.01508 7.41497 9.6012592316 2.6254292500    9.598  4.138  4.2969  3.422    2  0.000  0.538     0.00     0.00     0.00     0.00     0.00 -1    -1e-30      0.00 7.092e-01 2.755e-01 2.710e-03 7.399e-04 6.720e-03 -1.000 1.527e-02 -5.575 -3.639 -3.733 -3.472
0.0152 0.01508 7.41497 9.6016159058 2.6254296609    9.598  4.140  4.2845  3.370    2  0.000  0.538     0.00     0.00     0.00     0.00     0.00 -1    -1e-30      0.00 7.092e-01 2.755e-01 2.710e-03 7.399e-04 6.720e-03 -1.000 1.527e-02 -5.581 -3.716 -3.807 -3.556
0.0152 0.01508 7.41497 9.6019515991 2.6254300476    9.598  4.146  4.2723  3.316    2  0.000  0.538     0.00     0.00     0.00     0.00     0.00 -1    -1e-30      0.00 7.092e-01 2.755e-01 2.710e-03 7.399e-04 6.720e-03 -1.000 1.527e-02 -5.594 -3.800 -3.887 -3.647
0.0152 0.01508 7.41497 9.6022729874 2.6254304178    9.599  4.152  4.2602  3.261    2  0.000  0.538     0.00     0.00     0.00     0.00     0.00 -1    -1e-30      0.00 7.092e-01 2.755e-01 2.710e-03 7.399e-04 6.720e-03 -1.000 1.527e-02 -5.610 -3.885 -3.969 -3.739
0.0152 0.01508 7.41497 9.6025829315 2.6254307748    9.599  4.158  4.2482  3.207    2  0.000  0.538     0.00     0.00     0.00     0.00     0.00 -1    -1e-30      0.00 7.092e-01 2.755e-01 2.710e-03 7.399e-04 6.720e-03 -1.000 1.527e-02 -5.624 -3.969 -4.050 -3.830
0.0152 0.01508 7.41497 9.6028823853 2.6254311196    9.599  4.163  4.2362  3.154    2  0.000  0.538     0.00     0.00     0.00     0.00     0.00 -1    -1e-30      0.00 7.092e-01 2.755e-01 2.710e-03 7.399e-04 6.720e-03 -1.000 1.527e-02 -5.637 -4.051 -4.128 -3.919
0.0152 0.01508 7.41497 9.6031713486 2.6254314524    9.600  4.167  4.2242  3.102    2  0.000  0.538     0.00     0.00     0.00     0.00     0.00 -1    -1e-30      0.00 7.092e-01 2.755e-01 2.710e-03 7.399e-04 6.720e-03 -1.000 1.527e-02 -5.647 -4.131 -4.204 -4.006
0.0152 0.01508 7.41497 9.6034507751 2.6254317742    9.600  4.170  4.2122  3.051    2  0.000  0.538     0.00     0.00     0.00     0.00     0.00 -1    -1e-30      0.00 7.092e-01 2.755e-01 2.710e-03 7.399e-04 6.720e-03 -1.000 1.527e-02 -5.655 -4.208 -4.278 -4.090
0.0152 0.01508 7.41497 9.6037206650 2.6254320849    9.600  4.172  4.2002  3.001    2  0.000  0.538     0.00     0.00     0.00     0.00     0.00 -1    -1e-30      0.00 7.092e-01 2.755e-01 2.710e-03 7.399e-04 6.720e-03 -1.000 1.527e-02 -5.661 -4.283 -4.350 -4.173
0.0152 0.01508 7.41497 9.6039810181 2.6254323847    9.600  4.174  4.1882  2.951    2  0.000  0.538     0.00     0.00     0.00     0.00     0.00 -1    -1e-30      0.00 7.092e-01 2.755e-01 2.710e-03 7.399e-04 6.720e-03 -1.000 1.527e-02 -5.665 -4.357 -4.419 -4.254
0.0152 0.01508 7.41497 9.6042909622 2.6254327415    9.601  4.175  4.1733  2.890    2  0.000  0.538     0.00     0.00     0.00     0.00     0.00 -1    -1e-30      0.00 7.092e-01 2.755e-01 2.710e-03 7.399e-04 6.720e-03 -1.000 1.527e-02 -5.668 -4.445 -4.503 -4.352
0.0152 0.01508 7.41497 9.6045293808 2.6254330160    9.601  4.175  4.1612  2.842    2  0.000  0.538     0.00     0.00     0.00     0.00     0.00 -1    -1e-30      0.00 7.092e-01 2.755e-01 2.710e-03 7.399e-04 6.720e-03 -1.000 1.527e-02 -5.669 -4.514 -4.568 -4.429
0.0152 0.01508 7.41497 9.6047573090 2.6254332783    9.601  4.175  4.1492  2.794    2  0.000  0.538     0.00     0.00     0.00     0.00     0.00 -1    -1e-30      0.00 7.092e-01 2.755e-01 2.710e-03 7.399e-04 6.720e-03 -1.000 1.527e-02 -5.668 -4.582 -4.632 -4.504
0.0152 0.01508 7.41497 9.6050271988 2.6254335890    9.602  4.174  4.1343  2.735    2  0.000  0.538     0.00     0.00     0.00     0.00     0.00 -1    -1e-30      0.00 7.092e-01 2.755e-01 2.710e-03 7.399e-04 6.720e-03 -1.000 1.527e-02 -5.666 -4.664 -4.709 -4.595
0.0152 0.01508 7.41497 9.6052341461 2.6254338272    9.602  4.173  4.1222  2.688    2  0.000  0.538     0.00     0.00     0.00     0.00     0.00 -1    -1e-30      0.00 7.092e-01 2.755e-01 2.710e-03 7.399e-04 6.720e-03 -1.000 1.527e-02 -5.663 -4.728 -4.769 -4.667
0.0152 0.01508 7.41497 9.6054306030 2.6254340533    9.602  4.172  4.1102  2.641    2  0.000  0.538     0.00     0.00     0.00     0.00     0.00 -1    -1e-30      0.00 7.092e-01 2.755e-01 2.710e-03 7.399e-04 6.720e-03 -1.000 1.527e-02 -5.659 -4.791 -4.828 -4.738
0.0152 0.01508 7.41497 9.6056642532 2.6254343222    9.602  4.169  4.0952  2.584    2  0.000  0.538     0.00     0.00     0.00     0.00     0.00 -1    -1e-30      0.00 7.092e-01 2.755e-01 2.710e-03 7.399e-04 6.720e-03 -1.000 1.527e-02 -5.653 -4.867 -4.898 -4.823
0.0152 0.01508 7.41497 9.6058416367 2.6254345263    9.602  4.167  4.0832  2.538    2  0.000  0.538     0.00     0.00     0.00     0.00     0.00 -1    -1e-30      0.00 7.092e-01 2.755e-01 2.710e-03 7.399e-04 6.720e-03 -1.000 1.527e-02 -5.648 -4.926 -4.953 -4.890
0.0152 0.01508 7.41497 9.6060104370 2.6254347206    9.602  4.165  4.0711  2.492    2  0.000  0.538     0.00     0.00     0.00     0.00     0.00 -1    -1e-30      0.00 7.092e-01 2.755e-01 2.710e-03 7.399e-04 6.720e-03 -1.000 1.527e-02 -5.642 -4.983 -5.006 -4.955
0.0152 0.01508 7.41497 9.6062107086 2.6254349510    9.603  4.161  4.0561  2.435    2  0.000  0.538     0.00     0.00     0.00     0.00     0.00 -1    -1e-30      0.00 7.092e-01 2.755e-01 2.710e-03 7.399e-04 6.720e-03 -1.000 1.527e-02 -5.633 -5.050 -5.068 -5.033
0.0152 0.01508 7.41497 9.6063623428 2.6254351255    9.603  4.158  4.0441  2.391    2  0.000  0.538     0.00     0.00     0.00     0.00     0.00 -1    -1e-30      0.00 7.092e-01 2.755e-01 2.710e-03 7.399e-04 6.720e-03 -1.000 1.527e-02 -5.625 -5.102 -5.115 -5.093
0.0152 0.01508 7.41497 9.6065082550 2.6254352934    9.603  4.155  4.0320  2.346    2  0.000  0.538     0.00     0.00     0.00     0.00     0.00 -1    -1e-30      0.00 7.092e-01 2.755e-01 2.710e-03 7.399e-04 6.720e-03 -1.000 1.527e-02 -5.617 -5.152 -5.160 -5.152
0.0152 0.01508 7.41497 9.6066789627 2.6254354898    9.603  4.150  4.0170  2.290    2  0.000  0.538     0.00     0.00     0.00     0.00     0.00 -1    -1e-30      0.00 7.092e-01 2.755e-01 2.710e-03 7.399e-04 6.720e-03 -1.000 1.527e-02 -5.606 -5.212 -5.214 -5.222
0.0152 0.01508 7.41497 9.6068086624 2.6254356391    9.603  4.147  4.0049  2.245    2  0.000  0.538     0.00     0.00     0.00     0.00     0.00 -1    -1e-30      0.00 7.092e-01 2.755e-01 2.710e-03 7.399e-04 6.720e-03 -1.000 1.527e-02 -5.597 -5.257 -5.255 -5.276
0.0152 0.01508 7.41497 9.6069326401 2.6254357817    9.604  4.143  3.9929  2.201    2  0.000  0.538     0.00     0.00     0.00     0.00     0.00 -1    -1e-30      0.00 7.092e-01 2.755e-01 2.710e-03 7.399e-04 6.720e-03 -1.000 1.527e-02 -5.587 -5.301 -5.294 -5.329
0.0152 0.01508 7.41497 9.6070508957 2.6254359177    9.604  4.139  3.9809  2.157    2  0.000  0.538     0.00     0.00     0.00     0.00     0.00 -1    -1e-30      0.00 7.092e-01 2.755e-01 2.710e-03 7.399e-04 6.720e-03 -1.000 1.527e-02 -5.577 -5.343 -5.331 -5.379
0.0152 0.01508 7.41497 9.6071634293 2.6254360472    9.604  4.135  3.9689  2.113    2  0.000  0.538     0.00     0.00     0.00     0.00     0.00 -1    -1e-30      0.00 7.092e-01 2.755e-01 2.710e-03 7.399e-04 6.720e-03 -1.000 1.527e-02 -5.567 -5.383 -5.366 -5.428
0.0152 0.01508 7.41497 9.6072969437 2.6254362008    9.604  4.129  3.9538  2.058    2  0.000  0.538     0.00     0.00     0.00     0.00     0.00 -1    -1e-30      0.00 7.092e-01 2.755e-01 2.710e-03 7.399e-04 6.720e-03 -1.000 1.527e-02 -5.554 -5.430 -5.406 -5.487
0.0152 0.01508 7.41497 9.6073980331 2.6254363171    9.604  4.125  3.9419  2.015    2  0.000  0.538     0.00     0.00     0.00     0.00     0.00 -1    -1e-30      0.00 7.092e-01 2.755e-01 2.710e-03 7.399e-04 6.720e-03 -1.000 1.527e-02 -5.543 -5.463 -5.433 -5.531
0.0152 0.01508 7.41497 9.6074953079 2.6254364290    9.604  4.121  3.9299  1.972    2  0.000  0.538     0.00     0.00     0.00     0.00     0.00 -1    -1e-30      0.00 7.092e-01 2.755e-01 2.710e-03 7.399e-04 6.720e-03 -1.000 1.527e-02 -5.532 -5.492 -5.455 -5.573
0.0152 0.01508 7.41497 9.6075887680 2.6254365365    9.604  4.116  3.9179  1.928    2  0.000  0.538     0.00     0.00     0.00     0.00     0.00 -1    -1e-30      0.00 7.092e-01 2.755e-01 2.710e-03 7.399e-04 6.720e-03 -1.000 1.527e-02 -5.520 -5.514 -5.467 -5.613
0.0152 0.01508 7.41497 9.6076774597 2.6254366385    9.604  4.111  3.9059  1.885    2  0.000  0.538     0.00     0.00     0.00     0.00     0.00 -1    -1e-30      0.00 7.092e-01 2.755e-01 2.710e-03 7.399e-04 6.720e-03 -1.000 1.527e-02 -5.508 -5.530 -5.472 -5.649
0.0152 0.01508 7.41497 9.6077623367 2.6254367362    9.604  4.106  3.8938  1.842    2  0.000  0.538     0.00     0.00     0.00     0.00     0.00 -1    -1e-30      0.00 7.092e-01 2.755e-01 2.710e-03 7.399e-04 6.720e-03 -1.000 1.527e-02 -5.496 -5.540 -5.469 -5.683
0.0152 0.01508 7.41497 9.6078424454 2.6254368283    9.604  4.101  3.8819  1.799    2  0.000  0.538     0.00     0.00     0.00     0.00     0.00 -1    -1e-30      0.00 7.092e-01 2.755e-01 2.710e-03 7.399e-04 6.720e-03 -1.000 1.527e-02 -5.483 -5.544 -5.457 -5.713
0.0152 0.01508 7.41497 9.6079387665 2.6254369391    9.604  4.095  3.8668  1.745    2  0.000  0.538     0.00     0.00     0.00     0.00     0.00 -1    -1e-30      0.00 7.092e-01 2.755e-01 2.710e-03 7.399e-04 6.720e-03 -1.000 1.527e-02 -5.466 -5.542 -5.432 -5.748
0.0152 0.01508 7.41497 9.6080112457 2.6254370225    9.604  4.089  3.8548  1.702    2  0.000  0.538     0.00     0.00     0.00     0.00     0.00 -1    -1e-30      0.00 7.092e-01 2.755e-01 2.710e-03 7.399e-04 6.720e-03 -1.000 1.527e-02 -5.453 -5.536 -5.405 -5.775
0.0152 0.01508 7.41497 9.6080799103 2.6254371014    9.605  4.084  3.8429  1.660    2  0.000  0.538     0.00     0.00     0.00     0.00     0.00 -1    -1e-30      0.00 7.092e-01 2.755e-01 2.710e-03 7.399e-04 6.720e-03 -1.000 1.527e-02 -5.439 -5.526 -5.373 -5.800
0.0152 0.01508 7.41497 9.6081457138 2.6254371771    9.605  4.078  3.8308  1.618    2  0.000  0.538     0.00     0.00     0.00     0.00     0.00 -1    -1e-30      0.00 7.092e-01 2.755e-01 2.710e-03 7.399e-04 6.720e-03 -1.000 1.527e-02 -5.425 -5.514 -5.336 -5.824
0.0152 0.01508 7.41497 9.6082077026 2.6254372484    9.605  4.072  3.8189  1.576    2  0.000  0.538     0.00     0.00     0.00     0.00     0.00 -1    -1e-30      0.00 7.092e-01 2.755e-01 2.710e-03 7.399e-04 6.720e-03 -1.000 1.527e-02 -5.410 -5.499 -5.294 -5.843
0.0152 0.01508 7.41497 9.6082677841 2.6254373175    9.605  4.066  3.8068  1.534    2  0.000  0.538     0.00     0.00     0.00     0.00     0.00 -1    -1e-30      0.00 7.092e-01 2.755e-01 2.710e-03 7.399e-04 6.720e-03 -1.000 1.527e-02 -5.394 -5.481 -5.249 -5.862
0.0152 0.01508 7.41497 9.6083250046 2.6254373833    9.605  4.059  3.7947  1.492    2  0.000  0.538     0.00     0.00     0.00     0.00     0.00 -1    -1e-30      0.00 7.092e-01 2.755e-01 2.710e-03 7.399e-04 6.720e-03 -1.000 1.527e-02 -5.378 -5.459 -5.198 -5.876
0.0152 0.01508 7.41497 9.6083784103 2.6254374448    9.605  4.053  3.7828  1.451    2  0.000  0.538     0.00     0.00     0.00     0.00     0.00 -1    -1e-30      0.00 7.092e-01 2.755e-01 2.710e-03 7.399e-04 6.720e-03 -1.000 1.527e-02 -5.361 -5.436 -5.144 -5.890
0.0152 0.01508 7.41497 9.6084299088 2.6254375040    9.605  4.046  3.7710  1.411    2  0.000  0.538     0.00     0.00     0.00     0.00     0.00 -1    -1e-30      0.00 7.092e-01 2.755e-01 2.710e-03 7.399e-04 6.720e-03 -1.000 1.527e-02 -5.344 -5.408 -5.080 -5.902
0.0152 0.01508 7.41497 9.6084794998 2.6254375610    9.605  4.038  3.7589  1.370    2  0.000  0.538     0.00     0.00     0.00     0.00     0.00 -1    -1e-30      0.00 7.092e-01 2.755e-01 2.710e-03 7.399e-04 6.720e-03 -1.000 1.527e-02 -5.325 -5.377 -5.016 -5.905
0.0152 0.01508 7.41497 9.6085376740 2.6254376279    9.605  4.028  3.7439  1.320    2  0.000  0.538     0.00     0.00     0.00     0.00     0.00 -1    -1e-30      0.00 7.092e-01 2.755e-01 2.710e-03 7.399e-04 6.720e-03 -1.000 1.527e-02 -5.301 -5.332 -4.929 -5.901
0.0152 0.01508 7.41497 9.6085815430 2.6254376784    9.605  4.020  3.7321  1.281    2  0.000  0.538     0.00     0.00     0.00     0.00     0.00 -1    -1e-30      0.00 7.092e-01 2.755e-01 2.710e-03 7.399e-04 6.720e-03 -1.000 1.527e-02 -5.280 -5.291 -4.856 -5.891
0.0152 0.01508 7.41497 9.6086244583 2.6254377277    9.605  4.011  3.7201  1.242    2  0.000  0.538     0.00     0.00     0.00     0.00     0.00 -1    -1e-30      0.00 7.092e-01 2.755e-01 2.710e-03 7.399e-04 6.720e-03 -1.000 1.527e-02 -5.258 -5.244 -4.776 -5.873
0.0152 0.01508 7.41497 9.6086654663 2.6254377749    9.605  4.002  3.7084  1.204    2  0.000  0.538     0.00     0.00     0.00     0.00     0.00 -1    -1e-30      0.00 7.092e-01 2.755e-01 2.710e-03 7.399e-04 6.720e-03 -1.000 1.527e-02 -5.234 -5.192 -4.694 -5.849
0.0152 0.01508 7.41497 9.6087055206 2.6254378210    9.605  3.991  3.6968  1.168    2  0.000  0.538     0.00     0.00     0.00     0.00     0.00 -1    -1e-30      0.00 7.092e-01 2.755e-01 2.710e-03 7.399e-04 6.720e-03 -1.000 1.527e-02 -5.208 -5.135 -4.605 -5.817
0.0152 0.01508 7.41497 9.6087455750 2.6254378670    9.605  3.980  3.6857  1.135    2  0.000  0.538     0.00     0.00     0.00     0.00     0.00 -1    -1e-30      0.00 7.092e-01 2.755e-01 2.710e-03 7.399e-04 6.720e-03 -1.000 1.527e-02 -5.180 -5.073 -4.514 -5.779
0.0152 0.01508 7.41497 9.6087884903 2.6254379164    9.605  3.966  3.6749  1.106    2  0.000  0.538     0.00     0.00     0.00     0.00     0.00 -1    -1e-30      0.00 7.092e-01 2.755e-01 2.710e-03 7.399e-04 6.720e-03 -1.000 1.527e-02 -5.146 -5.007 -4.426 -5.729
0.0152 0.01508 7.41497 9.6088371277 2.6254379723    9.605  3.949  3.6647  1.082    2  0.000  0.538     0.00     0.00     0.00     0.00     0.00 -1    -1e-30      0.00 7.092e-01 2.755e-01 2.710e-03 7.399e-04 6.720e-03 -1.000 1.527e-02 -5.104 -4.930 -4.329 -5.668
0.0152 0.01508 7.41497 9.6088981628 2.6254380425    9.605  3.929  3.6551  1.064    2  0.000  0.538     0.00     0.00     0.00     0.00     0.00 -1    -1e-30      0.00 7.092e-01 2.755e-01 2.710e-03 7.399e-04 6.720e-03 -1.000 1.527e-02 -5.052 -4.839 -4.215 -5.595
0.0152 0.01508 7.41497 9.6090021133 2.6254381620    9.605  3.900  3.6456  1.055    2  0.000  0.538     0.00     0.00     0.00     0.00     0.00 -1    -1e-30      0.00 7.092e-01 2.755e-01 2.710e-03 7.399e-04 6.720e-03 -1.000 1.527e-02 -4.981 -4.723 -4.069 -5.500
0.0152 0.01508 7.41497 9.6091098785 2.6254382859    9.606  3.876  3.6378  1.048    2  0.000  0.538     0.00     0.00     0.00     0.00     0.00 -1    -1e-30      0.00 7.092e-01 2.755e-01 2.710e-03 7.399e-04 6.720e-03 -1.000 1.527e-02 -4.919 -4.622 -3.944 -5.418
0.0152 0.01508 7.41497 9.6091938019 2.6254383825    9.606  3.861  3.6320  1.040    2  0.000  0.538     0.00     0.00     0.00     0.00     0.00 -1    -1e-30      0.00 7.092e-01 2.755e-01 2.710e-03 7.399e-04 6.720e-03 -1.000 1.527e-02 -4.882 -4.554 -3.856 -5.364
0.0152 0.01508 7.41497 9.6092348099 2.6254384296    9.606  3.868  3.6285  1.018    2  0.000  0.538     0.00     0.00     0.00     0.00     0.00 -1    -1e-30      0.00 7.092e-01 2.755e-01 2.710e-03 7.400e-04 6.720e-03 -1.000 1.527e-02 -4.901 -4.554 -3.843 -5.373
0.0152 0.01508 7.41497 9.6093435287 2.6254385546    9.606  3.906  3.6186  0.941    3  0.000  0.536    39.15    27.74    19.37    13.99    11.58  4    -1e-30      0.00 7.092e-01 2.755e-01 2.699e-03 7.428e-04 6.720e-03 -1.000 1.527e-02 -4.994 -4.590 -3.838 -5.435
0.0152 0.01508 7.41497 9.6093902588 2.6254386083    9.606  3.938  3.6136  0.889    3  0.000  0.527    44.11    30.46    21.18    15.32    12.68  4    -1e-30      0.00 7.092e-01 2.755e-01 2.656e-03 7.688e-04 6.720e-03 -1.000 1.527e-02 -5.074 -4.638 -3.864 -5.498
0.0152 0.01508 7.41497 9.6094350815 2.6254386599    9.606  3.979  3.6083  0.826    3  0.000  0.503    51.01    34.13    23.61    17.11    14.16  4    -1e-30      0.00 7.091e-01 2.755e-01 2.536e-03 8.742e-04 6.720e-03 -1.000 1.531e-02 -5.178 -4.707 -3.908 -5.583
0.0152 0.01508 7.41497 9.6094713211 2.6254387016    9.606  4.019  3.6037  0.769    3  0.000  0.472    58.32    37.90    26.09    18.94    15.68  4    -1e-30      0.00 7.091e-01 2.755e-01 2.379e-03 1.050e-03 6.720e-03 -1.000 1.536e-02 -5.277 -4.775 -3.951 -5.664
0.0152 0.01508 7.41497 9.6094961166 2.6254387301    9.606  4.048  3.6006  0.728    3  0.000  0.450    64.11    40.82    28.01    20.35    16.85  4    -1e-30      0.00 7.091e-01 2.755e-01 2.269e-03 1.182e-03 6.720e-03 -1.000 1.537e-02 -5.349 -4.825 -3.985 -5.724
0.0152 0.01508 7.41497 9.6095046997 2.6254387399    9.606  4.057  3.5996  0.714    3  0.000  0.445    66.13    41.82    28.66    20.83    17.26  4    -1e-30      0.00 7.091e-01 2.755e-01 2.243e-03 1.215e-03 6.720e-03 -1.000 1.537e-02 -5.372 -4.841 -3.996 -5.744
0.0152 0.01508 7.41497 9.6095399857 2.6254387805    9.606  4.097  3.5956  0.658    3  0.000  0.427    75.29    46.29    31.58    22.99    19.05  4    -1e-30      0.00 7.090e-01 2.756e-01 2.151e-03 1.332e-03 6.716e-03 -1.000 1.536e-02 -5.472 -4.909 -4.040 -5.826
0.0152 0.01508 7.41497 9.6095495224 2.6254387915    9.606  4.107  3.5946  0.644    3  0.000  0.423    77.77    47.48    32.36    23.56    19.52  4    -1e-30      0.00 7.090e-01 2.757e-01 2.131e-03 1.359e-03 6.714e-03 -1.000 1.535e-02 -5.497 -4.926 -4.051 -5.847
0.0152 0.01508 7.41497 9.6095733643 2.6254388189    9.606  4.130  3.5923  0.611    3  0.000  0.417    83.81    50.35    34.22    24.94    20.67  4    -1e-30      0.00 7.088e-01 2.759e-01 2.094e-03 1.421e-03 6.695e-03 -1.000 1.535e-02 -5.556 -4.966 -4.077 -5.895
0.0152 0.01508 7.41497 9.6096124649 2.6254388638    9.606  4.164  3.5889  0.565    3  0.000  0.409    93.39    54.80    37.11    27.08    22.44  4    -1e-30      0.00 7.085e-01 2.761e-01 2.045e-03 1.502e-03 6.670e-03 -1.000 1.536e-02 -5.639 -5.022 -4.111 -5.963
0.0152 0.01508 7.41497 9.6096677780 2.6254389274    9.606  4.200  3.5853  0.514    3  0.000  0.401   104.91    60.03    40.48    29.58    24.52  4    -1e-30      0.00 7.082e-01 2.764e-01 2.001e-03 1.578e-03 6.645e-03 -1.000 1.537e-02 -5.729 -5.079 -4.141 -6.034
0.0152 0.01508 7.41497 9.6097583771 2.6254390316    9.606  4.236  3.5815  0.462    3  0.000  0.396   118.24    65.92    44.27    32.39    26.86  4    -1e-30      0.00 7.076e-01 2.771e-01 1.962e-03 1.672e-03 6.595e-03 -1.000 1.537e-02 -5.821 -5.136 -4.170 -6.106
0.0152 0.01508 7.41497 9.6099710464 2.6254392761    9.606  4.267  3.5784  0.419    3  0.000  0.395   130.75    71.33    47.73    34.96    29.00  4    -1e-30      0.00 7.057e-01 2.790e-01 1.924e-03 1.805e-03 6.496e-03 -1.000 1.537e-02 -5.898 -5.181 -4.186 -6.165
0.0152 0.01508 7.41497 9.6107234955 2.6254401411    9.607  4.314  3.5735  0.352    3  0.000  0.394   152.46    80.44    53.54    39.29    32.60  4    -1e-30      0.00 6.999e-01 2.847e-01 1.857e-03 2.070e-03 6.288e-03 -1.000 1.537e-02 -6.016 -5.245 -4.200 -6.253
0.0152 0.01508 7.41497 9.6117563248 2.6254413281    9.608  4.356  3.5694  0.295    3  0.000  0.393   174.12    89.26    59.12    43.46    36.06  4    -1e-30      0.00 6.927e-01 2.919e-01 1.799e-03 2.310e-03 6.096e-03 -1.000 1.537e-02 -6.119 -5.301 -4.210 -6.329
0.0152 0.01508 7.41497 9.6139554977 2.6254438547    9.610  4.388  3.5662  0.249    3  0.000  0.393   193.42    96.92    63.96    47.07    39.07  4    -1e-30      0.00 6.869e-01 2.977e-01 1.764e-03 2.457e-03 5.978e-03 -1.000 1.537e-02 -6.201 -5.341 -4.206 -6.387
0.0152 0.01508 7.41497 9.6155986786 2.6254457416    9.612  4.406  3.5645  0.225    3  0.000  0.393   204.73   101.33    66.74    49.14    40.79  4    -1e-30      0.00 6.838e-01 3.008e-01 1.746e-03 2.532e-03 5.918e-03 -1.000 1.535e-02 -6.245 -5.363 -4.204 -6.419
0.0152 0.01508 7.41497 9.6364583969 2.6254696313    9.633  4.377  3.5681  0.269    4  0.000  0.393     0.00     0.00     0.00     0.00     0.00 -1    -1e-30      0.00 6.838e-01 3.008e-01 1.746e-03 2.532e-03 5.918e-03 -1.000 1.536e-02 -6.173 -5.337 -4.228 -6.374
0.0152 0.01508 7.41497 9.6582212448 2.6254944288    9.655  4.341  3.5723  0.323    4  0.000  0.393     0.00     0.00     0.00     0.00     0.00 -1    -1e-30      0.00 6.838e-01 3.008e-01 1.746e-03 2.532e-03 5.918e-03 -1.000 1.536e-02 -6.082 -5.298 -4.239 -6.312
0.0152 0.01508 7.41497 9.6753492355 2.6255138550    9.672  4.307  3.5762  0.373    4  0.000  0.393     0.00     0.00     0.00     0.00     0.00 -1    -1e-30      0.00 6.838e-01 3.008e-01 1.746e-03 2.532e-03 5.918e-03 -1.000 1.536e-02 -5.998 -5.256 -4.237 -6.252
0.0152 0.01508 7.41497 9.6918334961 2.6255324766    9.689  4.274  3.5801  0.423    4  0.000  0.393     0.00     0.00     0.00     0.00     0.00 -1    -1e-30      0.00 6.838e-01 3.008e-01 1.746e-03 2.532e-03 5.918e-03 -1.000 1.536e-02 -5.915 -5.217 -4.238 -6.193
0.0152 0.01508 7.41497 9.7088108063 2.6255515791    9.706  4.245  3.5837  0.467    4  0.000  0.393     0.00     0.00     0.00     0.00     0.00 -1    -1e-30      0.00 6.839e-01 3.008e-01 1.746e-03 2.532e-03 5.918e-03 -1.000 1.536e-02 -5.842 -5.177 -4.226 -6.139
0.0152 0.01508 7.41497 9.7315731049 2.6255770706    9.729  4.214  3.5879  0.516    4  0.000  0.393     0.00     0.00     0.00     0.00     0.00 -1    -1e-30      0.00 6.839e-01 3.008e-01 1.746e-03 2.532e-03 5.918e-03 -1.000 1.536e-02 -5.765 -5.139 -4.219 -6.084
0.0152 0.01508 7.41497 9.7648296356 2.6256140689    9.762  4.195  3.5923  0.554    4  0.000  0.393     0.00     0.00     0.00     0.00     0.00 -1    -1e-30      0.00 6.839e-01 3.008e-01 1.746e-03 2.532e-03 5.918e-03 -1.000 1.536e-02 -5.718 -5.129 -4.237 -6.058
0.0152 0.01508 7.41497 9.8053417206 2.6256587494    9.802  4.181  3.5971  0.589    4  0.000  0.393     0.00     0.00     0.00     0.00     0.00 -1    -1e-30      0.00 6.839e-01 3.008e-01 1.746e-03 2.532e-03 5.918e-03 -1.000 1.536e-02 -5.683 -5.131 -4.267 -6.044
0.0152 0.01508 7.41497 9.8226327896 2.6256776906    9.820  4.194  3.6014  0.593    4  0.000  0.393     0.00     0.00     0.00     0.00     0.00 -1    -1e-30      0.00 6.839e-01 3.007e-01 1.746e-03 2.532e-03 5.918e-03 -1.000 1.536e-02 -5.715 -5.196 -4.354 -6.096
0.0152 0.01508 7.41497 9.8603630066 2.6257187564    9.858  4.278  3.6397  0.664    5  0.000  0.393     0.00     0.00     0.00     0.00     0.00 -1    -1e-30      0.00 6.839e-01 3.007e-01 1.746e-03 2.532e-03 5.918e-03 -1.000 1.537e-02 -5.925 -5.639 -4.952 -6.439
0.0152 0.01508 7.41497 9.8645439148 2.6257232847    9.862  4.314  3.7781  1.183    5  0.000  0.393     0.00     0.00     0.00     0.00     0.00 -1    -1e-30      0.00 6.839e-01 3.007e-01 1.746e-03 2.532e-03 5.918e-03 -1.000 1.537e-02 -6.015 -6.091 -5.787 -6.559
0.0152 0.01508 7.41497 9.8666124344 2.6257255234    9.864  4.326  3.8022  1.267    5  0.000  0.393     0.00     0.00     0.00     0.00     0.00 -1    -1e-30      0.00 6.839e-01 3.007e-01 1.746e-03 2.532e-03 5.918e-03 -1.000 1.537e-02 -6.045 -6.134 -5.895 -6.525
0.0152 0.01508 7.41497 9.8675079346 2.6257264923    9.865  4.335  3.8114  1.295    5  0.000  0.393     0.00     0.00     0.00     0.00     0.00 -1    -1e-30      0.00 6.839e-01 3.007e-01 1.746e-03 2.532e-03 5.918e-03 -1.000 1.537e-02 -6.068 -6.160 -5.943 -6.522
0.0152 0.01508 7.41497 9.8678035736 2.6257268121    9.865  4.339  3.8171  1.314    5  0.000  0.393     0.00     0.00     0.00     0.00     0.00 -1    -1e-30      0.00 6.839e-01 3.007e-01 1.746e-03 2.532e-03 5.918e-03 -1.000 1.537e-02 -6.076 -6.169 -5.965 -6.514
0.0152 0.01508 7.41497 9.8680248260 2.6257270515    9.865  4.341  3.8227  1.334    5  0.000  0.393     0.00     0.00     0.00     0.00     0.00 -1    -1e-30      0.00 6.839e-01 3.007e-01 1.746e-03 2.532e-03 5.918e-03 -1.000 1.537e-02 -6.082 -6.175 -5.984 -6.503
0.0152 0.01508 7.41497 9.8681907654 2.6257272310    9.865  4.342  3.8278  1.353    5  0.000  0.393     0.00     0.00     0.00     0.00     0.00 -1    -1e-30      0.00 6.839e-01 3.007e-01 1.746e-03 2.532e-03 5.918e-03 -1.000 1.537e-02 -6.085 -6.179 -5.999 -6.491
0.0152 0.01508 7.41497 9.8683366776 2.6257273888    9.866  4.343  3.8328  1.372    5  0.000  0.393     0.00     0.00     0.00     0.00     0.00 -1    -1e-30      0.00 6.839e-01 3.007e-01 1.746e-03 2.532e-03 5.918e-03 -1.000 1.537e-02 -6.088 -6.181 -6.011 -6.478
0.0152 0.01508 7.41497 9.8684749603 2.6257275383    9.866  4.344  3.8376  1.391    5  0.000  0.393     0.00     0.00     0.00     0.00     0.00 -1    -1e-30      0.00 6.839e-01 3.007e-01 1.746e-03 2.532e-03 5.918e-03 -1.000 1.537e-02 -6.090 -6.182 -6.023 -6.465
0.0152 0.01508 7.41497 9.8686113358 2.6257276858    9.866  4.345  3.8425  1.410    5  0.000  0.393     0.00     0.00     0.00     0.00     0.00 -1    -1e-30      0.00 6.839e-01 3.007e-01 1.746e-03 2.532e-03 5.918e-03 -1.000 1.537e-02 -6.091 -6.183 -6.033 -6.451
0.0152 0.01508 7.41497 9.8687496185 2.6257278354    9.866  4.345  3.8473  1.428    5  0.000  0.393     0.00     0.00     0.00     0.00     0.00 -1    -1e-30      0.00 6.839e-01 3.007e-01 1.746e-03 2.532e-03 5.918e-03 -1.000 1.537e-02 -6.093 -6.183 -6.043 -6.437
0.0152 0.01508 7.41497 9.8688898087 2.6257279870    9.866  4.346  3.8522  1.447    5  0.000  0.393     0.00     0.00     0.00     0.00     0.00 -1    -1e-30      0.00 6.839e-01 3.007e-01 1.746e-03 2.532e-03 5.918e-03 -1.000 1.537e-02 -6.095 -6.182 -6.051 -6.423
0.0152 0.01508 7.41497 9.8690357208 2.6257281448    9.866  4.346  3.8570  1.466    5  0.000  0.393     0.00     0.00     0.00     0.00     0.00 -1    -1e-30      0.00 6.839e-01 3.007e-01 1.746e-03 2.532e-03 5.918e-03 -1.000 1.537e-02 -6.096 -6.182 -6.059 -6.408
0.0152 0.01508 7.41497 9.8691883087 2.6257283098    9.867  4.347  3.8619  1.485    5  0.000  0.393     0.00     0.00     0.00     0.00     0.00 -1    -1e-30      0.00 6.839e-01 3.007e-01 1.746e-03 2.532e-03 5.918e-03 -1.000 1.537e-02 -6.097 -6.180 -6.066 -6.394
0.0152 0.01508 7.41497 9.8693885803 2.6257285264    9.867  4.347  3.8679  1.509    5  0.000  0.393     0.00     0.00     0.00     0.00     0.00 -1    -1e-30      0.00 6.839e-01 3.007e-01 1.746e-03 2.532e-03 5.918e-03 -1.000 1.537e-02 -6.098 -6.177 -6.072 -6.374
0.0152 0.01508 7.41497 9.8695602417 2.6257287120    9.867  4.348  3.8728  1.528    5  0.000  0.393     0.00     0.00     0.00     0.00     0.00 -1    -1e-30      0.00 6.839e-01 3.007e-01 1.746e-03 2.532e-03 5.918e-03 -1.000 1.537e-02 -6.099 -6.173 -6.076 -6.359
0.0152 0.01508 7.41497 9.8697423935 2.6257289090    9.867  4.348  3.8778  1.547    5  0.000  0.393     0.00     0.00     0.00     0.00     0.00 -1    -1e-30      0.00 6.839e-01 3.007e-01 1.746e-03 2.532e-03 5.918e-03 -1.000 1.537e-02 -6.100 -6.169 -6.079 -6.343
0.0152 0.01508 7.41497 9.8699369431 2.6257291193    9.867  4.348  3.8827  1.567    5  0.000  0.393     0.00     0.00     0.00     0.00     0.00 -1    -1e-30      0.00 6.839e-01 3.007e-01 1.746e-03 2.532e-03 5.918e-03 -1.000 1.537e-02 -6.101 -6.163 -6.080 -6.326
0.0152 0.01508 7.41497 9.8702011108 2.6257294049    9.868  4.349  3.8887  1.590    5  0.000  0.393     0.00     0.00     0.00     0.00     0.00 -1    -1e-30      0.00 6.839e-01 3.007e-01 1.746e-03 2.532e-03 5.918e-03 -1.000 1.537e-02 -6.102 -6.156 -6.081 -6.306
0.0152 0.01508 7.41497 9.8704938889 2.6257297214    9.868  4.349  3.8947  1.614    5  0.000  0.393     0.00     0.00     0.00     0.00     0.00 -1    -1e-30      0.00 6.839e-01 3.007e-01 1.746e-03 2.532e-03 5.918e-03 -1.000 1.537e-02 -6.102 -6.147 -6.078 -6.284
0.0152 0.01508 7.41497 9.8707551956 2.6257300039    9.868  4.349  3.8996  1.634    5  0.000  0.393     0.00     0.00     0.00     0.00     0.00 -1    -1e-30      0.00 6.839e-01 3.007e-01 1.746e-03 2.532e-03 5.918e-03 -1.000 1.537e-02 -6.102 -6.138 -6.075 -6.267
0.0152 0.01508 7.41497 9.8710470200 2.6257303194    9.868  4.349  3.9045  1.653    5  0.000  0.393     0.00     0.00     0.00     0.00     0.00 -1    -1e-30      0.00 6.839e-01 3.007e-01 1.746e-03 2.532e-03 5.918e-03 -1.000 1.537e-02 -6.103 -6.128 -6.069 -6.248
0.0152 0.01508 7.41497 9.8713779449 2.6257306771    9.869  4.349  3.9094  1.673    5  0.000  0.393     0.00     0.00     0.00     0.00     0.00 -1    -1e-30      0.00 6.839e-01 3.007e-01 1.746e-03 2.532e-03 5.918e-03 -1.000 1.537e-02 -6.103 -6.117 -6.063 -6.229
0.0152 0.01508 7.41497 9.8717651367 2.6257310955    9.869  4.349  3.9145  1.693    5  0.000  0.393     0.00     0.00     0.00     0.00     0.00 -1    -1e-30      0.00 6.839e-01 3.007e-01 1.746e-03 2.532e-03 5.918e-03 -1.000 1.537e-02 -6.103 -6.104 -6.054 -6.210
0.0152 0.01508 7.41497 9.8723573685 2.6257317355    9.870  4.349  3.9209  1.719    5  0.000  0.393     0.00     0.00     0.00     0.00     0.00 -1    -1e-30      0.00 6.839e-01 3.007e-01 1.746e-03 2.532e-03 5.918e-03 -1.000 1.537e-02 -6.103 -6.087 -6.042 -6.184
0.0152 0.01508 7.41497 9.8729686737 2.6257323961    9.870  4.349  3.9263  1.740    5  0.000  0.393     0.00     0.00     0.00     0.00     0.00 -1    -1e-30      0.00 6.839e-01 3.007e-01 1.746e-03 2.532e-03 5.918e-03 -1.000 1.537e-02 -6.103 -6.071 -6.029 -6.161
0.0152 0.01508 7.41497 9.8740329742 2.6257335458    9.871  4.349  3.9334  1.769    5  0.000  0.393     0.00     0.00     0.00     0.00     0.00 -1    -1e-30      0.00 6.839e-01 3.007e-01 1.746e-03 2.532e-03 5.918e-03 -1.000 1.537e-02 -6.104 -6.049 -6.011 -6.132
0.0152 0.01508 7.41497 9.8753404617 2.6257349579    9.873  4.350  3.9398  1.793    5  0.000  0.393     0.00     0.00     0.00     0.00     0.00 -1    -1e-30      0.00 6.839e-01 3.007e-01 1.746e-03 2.532e-03 5.918e-03 -1.000 1.537e-02 -6.105 -6.028 -5.994 -6.105
0.0152 0.01508 7.41497 9.8774585724 2.6257372446    9.875  4.351  3.9471  1.821    5  0.000  0.393     0.00     0.00     0.00     0.00     0.00 -1    -1e-30      0.00 6.839e-01 3.007e-01 1.746e-03 2.532e-03 5.918e-03 -1.000 1.537e-02 -6.108 -6.004 -5.973 -6.075
0.0152 0.01508 7.41497 9.8808364868 2.6257408890    9.878  4.354  3.9563  1.856    5  0.000  0.393     0.00     0.00     0.00     0.00     0.00 -1    -1e-30      0.00 6.839e-01 3.007e-01 1.746e-03 2.532e-03 5.918e-03 -1.000 1.537e-02 -6.115 -5.977 -5.952 -6.037
0.0152 0.01508 7.41497 9.8847551346 2.6257451131    9.882  4.357  3.9657  1.891    5  0.000  0.393     0.00     0.00     0.00     0.00     0.00 -1    -1e-30      0.00 6.839e-01 3.007e-01 1.746e-03 2.532e-03 5.918e-03 -1.000 1.537e-02 -6.122 -5.949 -5.929 -6.000
0.0152 0.01508 7.41497 9.8897972107 2.6257505427    9.887  4.360  3.9762  1.930    5  0.000  0.393     0.00     0.00     0.00     0.00     0.00 -1    -1e-30      0.00 6.839e-01 3.007e-01 1.746e-03 2.532e-03 5.918e-03 -1.000 1.537e-02 -6.130 -5.914 -5.899 -5.957
0.0152 0.01508 7.41497 9.8954591751 2.6257566322    9.893  4.364  3.9862  1.967    5  0.000  0.393     0.00     0.00     0.00     0.00     0.00 -1    -1e-30      0.00 6.839e-01 3.007e-01 1.746e-03 2.532e-03 5.918e-03 -1.000 1.537e-02 -6.139 -5.880 -5.868 -5.916
0.0152 0.01508 7.41497 9.9045019150 2.6257663411    9.902  4.368  3.9973  2.007    5  0.000  0.393     0.00     0.00     0.00     0.00     0.00 -1    -1e-30      0.00 6.839e-01 3.007e-01 1.746e-03 2.532e-03 5.918e-03 -1.000 1.537e-02 -6.150 -5.842 -5.834 -5.872
0.0152 0.01508 7.41497 9.9161615372 2.6257788296    9.914  4.373  4.0035  2.028    5  0.000  0.393     0.00     0.00     0.00     0.00     0.00 -1    -1e-30      0.00 6.839e-01 3.007e-01 1.746e-03 2.532e-03 5.918e-03 -1.000 1.537e-02 -6.161 -5.825 -5.819 -5.851
0.0152 0.01508 7.41497 9.9272241592 2.6257906475    9.925  4.375  3.9980  2.004    6  0.000  0.393     0.00     0.00     0.00     0.00     0.00 -1    -1e-30      0.00 6.839e-01 3.007e-01 1.746e-03 2.532e-03 5.918e-03 -1.000 1.537e-02 -6.167 -5.855 -5.847 -5.885
0.0152 0.01508 7.41497 9.9348554611 2.6257987822    9.932  4.376  3.9916  1.978    6  0.000  0.393     0.00     0.00     0.00     0.00     0.00 -1    -1e-30      0.00 6.839e-01 3.007e-01 1.746e-03 2.532e-03 5.918e-03 -1.000 1.537e-02 -6.169 -5.886 -5.876 -5.920
0.0152 0.01508 7.41497 9.9408788681 2.6258051928    9.938  4.376  3.9833  1.944    6  0.000  0.393     0.00     0.00     0.00     0.00     0.00 -1    -1e-30      0.00 6.839e-01 3.007e-01 1.746e-03 2.532e-03 5.918e-03 -1.000 1.537e-02 -6.170 -5.923 -5.910 -5.962
0.0152 0.01508 7.41497 9.9460468292 2.6258106858    9.944  4.376  3.9748  1.910    6  0.000  0.393     0.00     0.00     0.00     0.00     0.00 -1    -1e-30      0.00 6.839e-01 3.007e-01 1.746e-03 2.532e-03 5.918e-03 -1.000 1.537e-02 -6.170 -5.960 -5.944 -6.004
0.0152 0.01508 7.41497 9.9509830475 2.6258159264    9.949  4.376  3.9653  1.873    6  0.000  0.393     0.00     0.00     0.00     0.00     0.00 -1    -1e-30      0.00 6.839e-01 3.007e-01 1.746e-03 2.532e-03 5.918e-03 -1.000 1.537e-02 -6.170 -5.999 -5.979 -6.050
0.0152 0.01508 7.41497 9.9551773071 2.6258203746    9.953  4.376  3.9559  1.836    6  0.000  0.393     0.00     0.00     0.00     0.00     0.00 -1    -1e-30      0.00 6.839e-01 3.007e-01 1.746e-03 2.532e-03 5.918e-03 -1.000 1.537e-02 -6.169 -6.033 -6.007 -6.094
0.0152 0.01508 7.41497 9.9591960907 2.6258246327    9.957  4.375  3.9463  1.798    6  0.000  0.393     0.00     0.00     0.00     0.00     0.00 -1    -1e-30      0.00 6.839e-01 3.007e-01 1.746e-03 2.532e-03 5.918e-03 -1.000 1.537e-02 -6.168 -6.066 -6.035 -6.138
0.0152 0.01508 7.41497 9.9630393982 2.6258287011    9.961  4.375  3.9362  1.758    6  0.000  0.393     0.00     0.00     0.00     0.00     0.00 -1    -1e-30      0.00 6.839e-01 3.007e-01 1.746e-03 2.532e-03 5.918e-03 -1.000 1.537e-02 -6.167 -6.102 -6.065 -6.183
0.0152 0.01508 7.41497 9.9667100906 2.6258325834    9.964  4.374  3.9255  1.716    6  0.000  0.393     0.00     0.00     0.00     0.00     0.00 -1    -1e-30      0.00 6.839e-01 3.007e-01 1.746e-03 2.532e-03 5.918e-03 -1.000 1.537e-02 -6.165 -6.135 -6.093 -6.227
0.0152 0.01508 7.41497 9.9701423645 2.6258362106    9.968  4.373  3.9143  1.673    6  0.000  0.393     0.00     0.00     0.00     0.00     0.00 -1    -1e-30      0.00 6.839e-01 3.007e-01 1.746e-03 2.532e-03 5.918e-03 -1.000 1.537e-02 -6.162 -6.164 -6.114 -6.270
0.0152 0.01508 7.41497 9.9733076096 2.6258395531    9.971  4.372  3.9028  1.628    6  0.000  0.393     0.00     0.00     0.00     0.00     0.00 -1    -1e-30      0.00 6.839e-01 3.007e-01 1.746e-03 2.532e-03 5.918e-03 -1.000 1.537e-02 -6.160 -6.189 -6.129 -6.312
0.0152 0.01508 7.41497 9.9767761230 2.6258432130    9.974  4.370  3.8885  1.573    6  0.000  0.393     0.00     0.00     0.00     0.00     0.00 -1    -1e-30      0.00 6.839e-01 3.007e-01 1.746e-03 2.532e-03 5.918e-03 -1.000 1.537e-02 -6.156 -6.211 -6.136 -6.361
0.0152 0.01508 7.41497 9.9791831970 2.6258457511    9.977  4.369  3.8773  1.529    6  0.000  0.393     0.00     0.00     0.00     0.00     0.00 -1    -1e-30      0.00 6.839e-01 3.007e-01 1.746e-03 2.532e-03 5.917e-03 -1.000 1.537e-02 -6.152 -6.221 -6.131 -6.396
0.0152 0.01508 7.41497 9.9813041687 2.6258479864    9.979  4.367  3.8664  1.487    6  0.000  0.393     0.00     0.00     0.00     0.00     0.00 -1    -1e-30      0.00 6.839e-01 3.007e-01 1.746e-03 2.532e-03 5.917e-03 -1.000 1.537e-02 -6.149 -6.228 -6.122 -6.430
0.0152 0.01508 7.41497 9.9831733704 2.6258499555    9.981  4.366  3.8556  1.445    6  0.000  0.393     0.00     0.00     0.00     0.00     0.00 -1    -1e-30      0.00 6.839e-01 3.007e-01 1.746e-03 2.532e-03 5.917e-03 -1.000 1.537e-02 -6.145 -6.231 -6.107 -6.462
0.0152 0.01508 7.41497 9.9848213196 2.6258516908    9.983  4.364  3.8448  1.404    6  0.000  0.393     0.00     0.00     0.00     0.00     0.00 -1    -1e-30      0.00 6.839e-01 3.007e-01 1.746e-03 2.532e-03 5.917e-03 -1.000 1.537e-02 -6.141 -6.231 -6.086 -6.492
0.0152 0.01508 7.41497 9.9862756729 2.6258532217    9.984  4.363  3.8343  1.364    6  0.000  0.393     0.00     0.00     0.00     0.00     0.00 -1    -1e-30      0.00 6.839e-01 3.007e-01 1.746e-03 2.532e-03 5.917e-03 -1.000 1.537e-02 -6.136 -6.230 -6.064 -6.522
0.0152 0.01508 7.41497 9.9875574112 2.6258545705    9.985  4.361  3.8241  1.325    6  0.000  0.393     0.00     0.00     0.00     0.00     0.00 -1    -1e-30      0.00 6.839e-01 3.007e-01 1.746e-03 2.532e-03 5.917e-03 -1.000 1.537e-02 -6.132 -6.226 -6.038 -6.549
0.0152 0.01508 7.41497 9.9886837006 2.6258557553    9.986  4.359  3.8141  1.287    6  0.000  0.393     0.00     0.00     0.00     0.00     0.00 -1    -1e-30      0.00 6.839e-01 3.007e-01 1.746e-03 2.532e-03 5.917e-03 -1.000 1.537e-02 -6.128 -6.220 -6.010 -6.573
0.0152 0.01508 7.41497 9.9896745682 2.6258567975    9.987  4.357  3.8043  1.249    6  0.000  0.393     0.00     0.00     0.00     0.00     0.00 -1    -1e-30      0.00 6.839e-01 3.007e-01 1.746e-03 2.532e-03 5.917e-03 -1.000 1.537e-02 -6.123 -6.214 -5.979 -6.598
0.0152 0.01508 7.41497 9.9907455444 2.6258579236    9.988  4.355  3.7924  1.204    6  0.000  0.393     0.00     0.00     0.00     0.00     0.00 -1    -1e-30      0.00 6.839e-01 3.007e-01 1.746e-03 2.532e-03 5.917e-03 -1.000 1.537e-02 -6.117 -6.202 -5.938 -6.623
0.0152 0.01508 7.41497 9.9914817810 2.6258586976    9.989  4.353  3.7832  1.169    6  0.000  0.393     0.00     0.00     0.00     0.00     0.00 -1    -1e-30      0.00 6.839e-01 3.007e-01 1.746e-03 2.532e-03 5.917e-03 -1.000 1.537e-02 -6.113 -6.193 -5.903 -6.643
0.0152 0.01508 7.41497 9.9921293259 2.6258593782    9.990  4.351  3.7744  1.136    6  0.000  0.393     0.00     0.00     0.00     0.00     0.00 -1    -1e-30      0.00 6.839e-01 3.007e-01 1.746e-03 2.532e-03 5.917e-03 -1.000 1.537e-02 -6.108 -6.181 -5.864 -6.661
0.0152 0.01508 7.41497 9.9926967621 2.6258599746    9.990  4.349  3.7656  1.103    6  0.000  0.393     0.00     0.00     0.00     0.00     0.00 -1    -1e-30      0.00 6.840e-01 3.007e-01 1.746e-03 2.532e-03 5.917e-03 -1.000 1.537e-02 -6.103 -6.166 -5.822 -6.676
0.0152 0.01508 7.41497 9.9931983948 2.6258605017    9.991  4.347  3.7573  1.072    6  0.000  0.393     0.00     0.00     0.00     0.00     0.00 -1    -1e-30      0.00 6.840e-01 3.007e-01 1.746e-03 2.532e-03 5.917e-03 -1.000 1.537e-02 -6.098 -6.151 -5.785 -6.685
0.0152 0.01508 7.41497 9.9936456680 2.6258609717    9.991  4.345  3.7490  1.041    6  0.000  0.393     0.00     0.00     0.00     0.00     0.00 -1    -1e-30      0.00 6.840e-01 3.007e-01 1.746e-03 2.532e-03 5.917e-03 -1.000 1.537e-02 -6.092 -6.135 -5.746 -6.691
0.0152 0.01508 7.41497 9.9940481186 2.6258613945    9.992  4.343  3.7409  1.011    6  0.000  0.393     0.00     0.00     0.00     0.00     0.00 -1    -1e-30      0.00 6.840e-01 3.007e-01 1.746e-03 2.532e-03 5.917e-03 -1.000 1.537e-02 -6.087 -6.117 -5.698 -6.701
0.0152 0.01508 7.41497 9.9944171906 2.6258617822    9.992  4.340  3.7331  0.982    6  0.000  0.393     0.00     0.00     0.00     0.00     0.00 -1    -1e-30      0.00 6.840e-01 3.007e-01 1.746e-03 2.532e-03 5.917e-03 -1.000 1.537e-02 -6.080 -6.097 -5.657 -6.700
0.0152 0.01508 7.41497 9.9947729111 2.6258621559    9.993  4.337  3.7253  0.954    6  0.000  0.393     0.00     0.00     0.00     0.00     0.00 -1    -1e-30      0.00 6.840e-01 3.007e-01 1.746e-03 2.532e-03 5.917e-03 -1.000 1.537e-02 -6.073 -6.073 -5.614 -6.695
0.0152 0.01508 7.41497 9.9952383041 2.6258626447    9.993  4.332  3.7153  0.919    6  0.000  0.393     0.00     0.00     0.00     0.00     0.00 -1    -1e-30      0.00 6.840e-01 3.007e-01 1.746e-03 2.532e-03 5.917e-03 -1.000 1.537e-02 -6.060 -6.038 -5.551 -6.683
0.0152 0.01508 7.41497 9.9956665039 2.6258630944    9.994  4.325  3.7067  0.891    6  0.000  0.393     0.00     0.00     0.00     0.00     0.00 -1    -1e-30      0.00 6.840e-01 3.007e-01 1.746e-03 2.532e-03 5.917e-03 -1.000 1.537e-02 -6.044 -5.999 -5.490 -6.664
0.0152 0.01508 7.41497 9.9963121414 2.6258637724    9.994  4.315  3.6968  0.862    6  0.000  0.393     0.00     0.00     0.00     0.00     0.00 -1    -1e-30      0.00 6.840e-01 3.007e-01 1.746e-03 2.532e-03 5.917e-03 -1.000 1.537e-02 -6.018 -5.947 -5.412 -6.632
0.0152 0.01508 7.41497 9.9971675873 2.6258646705    9.995  4.297  3.6840  0.829    6  0.000  0.393     0.00     0.00     0.00     0.00     0.00 -1    -1e-30      0.00 6.840e-01 3.007e-01 1.746e-03 2.532e-03 5.917e-03 -1.000 1.537e-02 -5.973 -5.862 -5.295 -6.573
0.0152 0.01508 7.41497 9.9979877472 2.6258655315    9.996  4.282  3.6699  0.787    6  0.000  0.393     0.00     0.00     0.00     0.00     0.00 -1    -1e-30      0.00 6.840e-01 3.007e-01 1.746e-03 2.532e-03 5.917e-03 -1.000 1.537e-02 -5.936 -5.782 -5.185 -6.517
0.0152 0.01508 7.41497 9.9990129471 2.6258666074    9.997  4.288  3.6502  0.703    6  0.000  0.393     0.00     0.00     0.00     0.00     0.00 -1    -1e-30      0.00 6.840e-01 3.007e-01 1.746e-03 2.532e-03 5.917e-03 -1.000 1.537e-02 -5.950 -5.715 -5.063 -6.491
0.0152 0.01508 7.41497 10.0000000000 2.6258676431    9.998  4.285  3.6433  0.678    6  0.000  0.393     0.00     0.00     0.00     0.00     0.00 -1    -1e-30      0.00 6.840e-01 3.007e-01 1.746e-03 2.532e-03 5.917e-03 -1.000 1.537e-02 -5.944 -5.675 -5.000 -6.467
0.0152 0.01508 7.41497 10.0083732605 2.6258764193   10.006  4.265  3.5886  0.480    6  0.000  0.393     0.00     0.00     0.00     0.00     0.00 -1    -1e-30      0.00 6.840e-01 3.007e-01 1.746e-03 2.532e-03 5.917e-03 -1.000 1.537e-02 -5.892 -5.272 -4.354 -6.215
0.0152 0.01508 7.41497 10.0143070221 2.6258826284   10.012  4.310  3.5816  0.407    6  0.000  0.393     0.00     0.00     0.00     0.00     0.00 -1    -1e-30      0.00 6.840e-01 3.007e-01 1.746e-03 2.532e-03 5.917e-03 -1.000 1.537e-02 -6.005 -5.320 -4.350 -6.291
0.0152 0.01508 7.41497 10.0146999359 2.6258830392   10.013  4.317  3.5806  0.396    6  0.000  0.393     0.00     0.00     0.00     0.00     0.00 -1    -1e-30      0.00 6.840e-01 3.007e-01 1.746e-03 2.532e-03 5.917e-03 -1.000 1.537e-02 -6.022 -5.329 -4.351 -6.304
0.0152 0.01508 7.41497 10.0152530670 2.6258836175   10.013  4.331  3.5789  0.375    6  0.000  0.393     0.00     0.00     0.00     0.00     0.00 -1    -1e-30      0.00 6.840e-01 3.007e-01 1.746e-03 2.532e-03 5.917e-03 -1.000 1.537e-02 -6.058 -5.346 -4.352 -6.330
0.0152 0.01508 7.41497 10.0182409286 2.6258867401   10.016  4.378  3.5731  0.305    7  0.000  0.393   173.04    88.50    58.70    43.07    35.75  4    -1e-30      0.00 6.839e-01 3.007e-01 1.745e-03 2.532e-03 5.917e-03 -1.000 1.537e-02 -6.174 -5.398 -4.345 -6.409
0.0152 0.01508 7.41497 10.0190448761 2.6258875800   10.017  4.418  3.5685  0.247    7  0.000  0.393   198.16    98.35    64.93    47.72    39.62  4    -1e-30      0.00 6.839e-01 3.007e-01 1.743e-03 2.533e-03 5.917e-03 -1.000 1.537e-02 -6.275 -5.445 -4.340 -6.479
0.0152 0.01508 7.41497 10.0200147629 2.6258885930   10.018  4.458  3.5640  0.189    7  0.000  0.389   226.90   109.30    71.81    52.86    43.90  3    -1e-30      0.00 6.839e-01 3.007e-01 1.726e-03 2.551e-03 5.917e-03 -1.000 1.537e-02 -6.376 -5.486 -4.319 -6.546
0.0152 0.01508 7.41497 10.0211296082 2.6258897571   10.019  4.495  3.5599  0.135    7  0.000  0.384   256.92   120.41    78.77    58.06    48.23  3    -1e-30      0.00 6.839e-01 3.007e-01 1.707e-03 2.574e-03 5.917e-03 -1.000 1.537e-02 -6.468 -5.524 -4.299 -6.607
0.0152 0.01508 7.41497 10.0225210190 2.6258912095   10.021  4.534  3.5556  0.080    7  0.000  0.381   292.12   133.08    86.66    63.98    53.16  3    -1e-30      0.00 6.839e-01 3.007e-01 1.693e-03 2.592e-03 5.917e-03 -1.000 1.537e-02 -6.564 -5.553 -4.250 -6.663
0.0152 0.01508 7.41497 10.0243129730 2.6258930795   10.022  4.575  3.5509  0.020    7  0.000  0.379   326.10   148.40    96.17    71.10    59.10  3    -1e-30      0.00 6.839e-01 3.007e-01 1.681e-03 2.609e-03 5.913e-03 -1.000 1.533e-02 -6.668 -5.583 -4.192 -6.723
0.0152 0.01508 7.41497 10.0263662338 2.6258952211   10.025  4.616  3.5462 -0.040    7  0.000  0.378   356.96   165.24   106.56    78.92    65.61  3    -1e-30      0.00 6.838e-01 3.009e-01 1.671e-03 2.635e-03 5.898e-03 -1.000 1.531e-02 -6.770 -5.599 -4.102 -6.771
0.0152 0.01508 7.41497 10.0287504196 2.6258977066   10.027  4.656  3.5415 -0.099    7  0.000  0.377   390.63   183.93   118.05    87.56    72.81  3    -1e-30      0.00 6.835e-01 3.012e-01 1.665e-03 2.656e-03 5.883e-03 -1.000 1.537e-02 -6.870 -5.610 -3.999 -6.816
0.0152 0.01508 7.41497 10.0303573608 2.6258993811   10.029  4.687  3.5379 -0.144    7  0.000  0.377   418.22   199.48   127.56    94.73    78.79  3    -1e-30      0.00 6.831e-01 3.016e-01 1.662e-03 2.668e-03 5.873e-03 -1.000 1.534e-02 -6.947 -5.615 -3.908 -6.844
0.0152 0.01508 7.41497 10.0360898972 2.6259053496   10.034  4.733  3.5330 -0.209    7  0.000  0.377   461.70   224.37   142.72   106.17    88.33  2    -1e-30      0.00 6.810e-01 3.037e-01 1.656e-03 2.699e-03 5.848e-03 -1.000 1.535e-02 -7.062 -5.621 -3.772 -6.885
0.0152 0.01508 7.41497 10.0476684570 2.6259173808   10.046  4.776  3.5286 -0.270    7  0.000  0.378   506.58   250.52   158.57   118.14    98.32  2    -1e-30      0.00 6.755e-01 3.091e-01 1.643e-03 2.756e-03 5.800e-03 -1.000 1.537e-02 -7.170 -5.624 -3.639 -6.919
0.0152 0.01508 7.41497 10.0621557236 2.6259323896   10.061  4.807  3.5251 -0.315    7  0.000  0.378   542.47   271.73   171.38   127.83   106.41  2    -1e-30      0.00 6.703e-01 3.144e-01 1.631e-03 2.809e-03 5.756e-03 -1.000 1.533e-02 -7.249 -5.608 -3.508 -6.926
0.0152 0.01508 7.41497 10.0799980164 2.6259508061   10.078  4.803  3.5262 -0.305    7  0.000  0.378   534.74   267.11   168.59   125.72   104.65  2    -1e-30      0.00 6.665e-01 3.182e-01 1.624e-03 2.845e-03 5.726e-03 -1.000 1.533e-02 -7.237 -5.627 -3.563 -6.937
#isochrone terminated
